2.1855784e-13 0.0000000e+00 1.0000000e-01 0.0000000e+00 1.0000000e-02 5.8397261e-03 6.6027178e-03 1.7357129e-03 4.5663320e-03 7.0233165e-05 4.1905153e-08 2.9730302e-19
2.3149835e-13 0.0000000e+00 1.0232930e-01 0.0000000e+00 1.0000000e-02 6.2882208e-03 7.0671052e-03 1.7913476e-03 4.9480868e-03 8.1144028e-05 4.8169120e-08 4.4031476e-19
2.4599295e-13 0.0000000e+00 1.0471285e-01 0.0000000e+00 1.0000000e-02 6.8322374e-03 7.6225147e-03 1.8420470e-03 5.4176796e-03 9.7568478e-05 5.8081549e-08 1.2074310e-18
2.5997327e-13 0.0000000e+00 1.0715193e-01 0.0000000e+00 1.0000000e-02 7.3583125e-03 8.1593692e-03 1.8905681e-03 5.8719823e-03 1.1354746e-04 6.7736872e-08 1.9671532e-18
2.7426688e-13 0.0000000e+00 1.0964782e-01 0.0000000e+00 1.0000000e-02 7.9209422e-03 8.7304200e-03 1.9352085e-03 6.3605337e-03 1.3268238e-04 7.9950087e-08 4.1073476e-18
2.8900792e-13 0.0000000e+00 1.1220185e-01 0.0000000e+00 1.0000000e-02 8.5276906e-03 9.3430704e-03 1.9759288e-03 6.8901383e-03 1.5541081e-04 9.5051747e-08 7.7738368e-18
3.0318987e-13 0.0000000e+00 1.1481536e-01 0.0000000e+00 1.0000000e-02 9.1114267e-03 9.9324847e-03 2.0151047e-03 7.3996565e-03 1.7727723e-04 1.0958064e-07 1.1301267e-17
3.1832650e-13 0.0000000e+00 1.1748976e-01 0.0000000e+00 1.0000000e-02 9.7970384e-03 1.0620144e-02 2.0486322e-03 8.0021753e-03 2.0839568e-04 1.3332195e-07 2.7023815e-17
3.3298505e-13 0.0000000e+00 1.2022644e-01 0.0000000e+00 1.0000000e-02 1.0463160e-02 1.1288110e-02 2.0808141e-03 8.5876944e-03 2.3880041e-04 1.5659824e-07 4.2663404e-17
3.4771483e-13 0.0000000e+00 1.2302688e-01 0.0000000e+00 1.0000000e-02 1.1169214e-02 1.1994672e-02 2.1099578e-03 9.2095937e-03 2.7434623e-04 1.8688772e-07 8.1242244e-17
3.6263425e-13 0.0000000e+00 1.2589254e-01 0.0000000e+00 1.0000000e-02 1.1924700e-02 1.2749193e-02 2.1359645e-03 9.8763670e-03 3.1583923e-04 2.2515292e-07 1.4545292e-16
3.7708473e-13 0.0000000e+00 1.2882496e-01 0.0000000e+00 1.0000000e-02 1.2656440e-02 1.3479998e-02 2.1611537e-03 1.0522183e-02 3.5602805e-04 2.6221537e-07 2.0764536e-16
3.9206006e-13 0.0000000e+00 1.3182567e-01 0.0000000e+00 1.0000000e-02 1.3506617e-02 1.4327312e-02 2.1817875e-03 1.1273700e-02 4.1119819e-04 3.2548711e-07 4.4690918e-16
4.0667283e-13 0.0000000e+00 1.3489629e-01 0.0000000e+00 1.0000000e-02 1.4339523e-02 1.5157356e-02 2.2017245e-03 1.2009988e-02 4.6552024e-04 3.8812358e-07 6.8668405e-16
4.2124464e-13 0.0000000e+00 1.3803843e-01 0.0000000e+00 1.0000000e-02 1.5224806e-02 1.6039098e-02 2.2191969e-03 1.2792322e-02 5.2829287e-04 4.7149247e-07 1.2234442e-15
4.3588959e-13 0.0000000e+00 1.4125375e-01 0.0000000e+00 1.0000000e-02 1.6176042e-02 1.6986004e-02 2.2340489e-03 1.3632671e-02 6.0105271e-04 5.7878665e-07 2.0975555e-15
4.5022824e-13 0.0000000e+00 1.4454398e-01 0.0000000e+00 1.0000000e-02 1.7107383e-02 1.7913106e-02 2.2485903e-03 1.4455443e-02 6.7229078e-04 6.8383678e-07 2.9533848e-15
4.6476168e-13 0.0000000e+00 1.4791084e-01 0.0000000e+00 1.0000000e-02 1.8194248e-02 1.8994555e-02 2.2584511e-03 1.5413186e-02 7.6793673e-04 8.6423358e-07 5.9157559e-15
4.7909489e-13 0.0000000e+00 1.5135612e-01 0.0000000e+00 1.0000000e-02 1.9271498e-02 2.0066422e-02 2.2679930e-03 1.6362377e-02 8.6314424e-04 1.0449179e-06 8.9158995e-15
4.9332027e-13 0.0000000e+00 1.5488166e-01 0.0000000e+00 1.0000000e-02 2.0429696e-02 2.1218903e-02 2.2752602e-03 1.7380461e-02 9.7253925e-04 1.2832167e-06 1.5241141e-14
5.0751452e-13 0.0000000e+00 1.5848932e-01 0.0000000e+00 1.0000000e-02 2.1687722e-02 2.2470796e-02 2.2799790e-03 1.8483716e-02 1.0988265e-03 1.5887836e-06 2.5400649e-14
5.2157083e-13 0.0000000e+00 1.6218101e-01 0.0000000e+00 1.0000000e-02 2.2933523e-02 2.3710524e-02 2.2846519e-03 1.9576250e-02 1.2238865e-03 1.8913812e-06 3.5461435e-14
5.3565311e-13 0.0000000e+00 1.6595869e-01 0.0000000e+00 1.0000000e-02 2.4402533e-02 2.5173230e-02 2.2852422e-03 2.0855746e-02 1.3885267e-03 2.3853274e-06 6.8085803e-14
5.4967282e-13 0.0000000e+00 1.6982437e-01 0.0000000e+00 1.0000000e-02 2.5873534e-02 2.6637947e-02 2.2856721e-03 2.2136688e-02 1.5539525e-03 2.8844357e-06 1.0143457e-13
5.6365310e-13 0.0000000e+00 1.7378008e-01 0.0000000e+00 1.0000000e-02 2.7457427e-02 2.8215671e-02 2.2845641e-03 2.3508472e-02 1.7423491e-03 3.5204076e-06 1.6926554e-13
5.7764790e-13 0.0000000e+00 1.7782794e-01 0.0000000e+00 1.0000000e-02 2.9178829e-02 2.9931010e-02 2.2816710e-03 2.4991325e-02 1.9581493e-03 4.3175618e-06 2.7730821e-13
5.9163617e-13 0.0000000e+00 1.8197009e-01 0.0000000e+00 1.0000000e-02 3.0899428e-02 3.1645550e-02 2.2787792e-03 2.6473486e-02 2.1738490e-03 5.1143443e-06 3.8530052e-13
6.0551485e-13 0.0000000e+00 1.8620871e-01 0.0000000e+00 1.0000000e-02 3.2851358e-02 3.3591846e-02 2.2736287e-03 2.8129430e-02 2.4468230e-03 6.3268144e-06 7.1815909e-13
6.1945068e-13 0.0000000e+00 1.9054607e-01 0.0000000e+00 1.0000000e-02 3.4820991e-02 3.5555836e-02 2.2683669e-03 2.9799511e-02 2.7232490e-03 7.5609359e-06 1.0613001e-12
6.3321439e-13 0.0000000e+00 1.9498446e-01 0.0000000e+00 1.0000000e-02 3.6880265e-02 3.7609684e-02 2.2622276e-03 3.1527587e-02 3.0304109e-03 9.0755668e-06 1.7317715e-12
6.4682134e-13 0.0000000e+00 1.9952623e-01 0.0000000e+00 1.0000000e-02 3.9051622e-02 3.9775851e-02 2.2550374e-03 3.3329480e-02 3.3746872e-03 1.0924670e-05 2.7889250e-12
6.6055901e-13 0.0000000e+00 2.0417379e-01 0.0000000e+00 1.0000000e-02 4.1243839e-02 4.1962828e-02 2.2477780e-03 3.5148684e-02 3.7222711e-03 1.2791537e-05 3.8562348e-12
6.7350005e-13 0.0000000e+00 2.0892961e-01 0.0000000e+00 1.0000000e-02 4.3557474e-02 4.4271873e-02 2.2389883e-03 3.7018317e-02 4.1379077e-03 1.5452354e-05 6.9126039e-12
6.8660617e-13 0.0000000e+00 2.1379621e-01 0.0000000e+00 1.0000000e-02 4.5911124e-02 4.6620891e-02 2.2300040e-03 3.8918388e-02 4.5625739e-03 1.8185240e-05 1.0094631e-11
6.9933889e-13 0.0000000e+00 2.1877616e-01 0.0000000e+00 1.0000000e-02 4.8316784e-02 4.9022235e-02 2.2200396e-03 4.0831403e-02 5.0244665e-03 2.1438241e-05 1.5946427e-11
7.1164435e-13 0.0000000e+00 2.2387211e-01 0.0000000e+00 1.0000000e-02 5.0788127e-02 5.1489635e-02 2.2088896e-03 4.2762707e-02 5.5315121e-03 2.5317379e-05 2.4996192e-11
7.2421202e-13 0.0000000e+00 2.2908677e-01 0.0000000e+00 1.0000000e-02 5.3312128e-02 5.4009610e-02 2.1975021e-03 4.4735163e-02 6.0493616e-03 2.9279174e-05 3.4238786e-11
7.3579418e-13 0.0000000e+00 2.3442288e-01 0.0000000e+00 1.0000000e-02 5.5850132e-02 5.6544127e-02 2.1828367e-03 4.6650688e-02 6.6354593e-03 3.4547557e-05 5.8067064e-11
7.4760705e-13 0.0000000e+00 2.3988329e-01 0.0000000e+00 1.0000000e-02 5.8447978e-02 5.9138427e-02 2.1676965e-03 4.8608653e-02 7.2380018e-03 3.9991751e-05 8.3040870e-11
7.5902837e-13 0.0000000e+00 2.4547089e-01 0.0000000e+00 1.0000000e-02 6.1059900e-02 6.1747073e-02 2.1503297e-03 5.0541871e-02 7.8781353e-03 4.6254532e-05 1.2565218e-10
7.6993234e-13 0.0000000e+00 2.5118864e-01 0.0000000e+00 1.0000000e-02 6.3678414e-02 6.4362649e-02 2.1303482e-03 5.2437582e-02 8.5610367e-03 5.3479120e-05 1.8935362e-10
7.8110603e-13 0.0000000e+00 2.5703958e-01 0.0000000e+00 1.0000000e-02 6.6361697e-02 6.7042921e-02 2.1098725e-03 5.4380183e-02 9.2608296e-03 6.0882409e-05 2.5463070e-10
7.9106613e-13 0.0000000e+00 2.6302680e-01 0.0000000e+00 1.0000000e-02 6.8958960e-02 6.9638056e-02 2.0843721e-03 5.6183089e-02 1.0014187e-02 7.0103697e-05 4.0495762e-10
8.0119597e-13 0.0000000e+00 2.6915348e-01 0.0000000e+00 1.0000000e-02 7.1609797e-02 7.2286753e-02 2.0581085e-03 5.8019952e-02 1.0786255e-02 7.9600972e-05 5.6202227e-10
8.1088221e-13 0.0000000e+00 2.7542287e-01 0.0000000e+00 1.0000000e-02 7.4232632e-02 7.4907974e-02 2.0287596e-03 5.9802018e-02 1.1585768e-02 9.0174192e-05 8.1082577e-10
8.1996984e-13 0.0000000e+00 2.8183829e-01 0.0000000e+00 1.0000000e-02 7.6803839e-02 7.7478205e-02 1.9959131e-03 6.1506111e-02 1.2412686e-02 1.0196480e-04 1.1679205e-09
8.2922845e-13 0.0000000e+00 2.8840315e-01 0.0000000e+00 1.0000000e-02 7.9423419e-02 8.0096793e-02 1.9624486e-03 6.3242265e-02 1.3255163e-02 1.1397723e-04 1.5317335e-09
8.3726238e-13 0.0000000e+00 2.9512092e-01 0.0000000e+00 1.0000000e-02 8.1883791e-02 8.2557967e-02 1.9232727e-03 6.4799642e-02 1.4121785e-02 1.2821883e-04 2.2879531e-09
8.4535911e-13 0.0000000e+00 3.0199517e-01 0.0000000e+00 1.0000000e-02 8.4372017e-02 8.5047079e-02 1.8833237e-03 6.6371534e-02 1.5001425e-02 1.4274756e-04 3.0703687e-09
8.5294932e-13 0.0000000e+00 3.0902954e-01 0.0000000e+00 1.0000000e-02 8.6792922e-02 8.7470080e-02 1.8405362e-03 6.7868621e-02 1.5891618e-02 1.5856960e-04 4.2312543e-09
8.5989944e-13 0.0000000e+00 3.1622777e-01 0.0000000e+00 1.0000000e-02 8.9121261e-02 8.9801941e-02 1.7946142e-03 6.9269182e-02 1.6789591e-02 1.7583935e-04 5.8341919e-09
8.6692121e-13 0.0000000e+00 3.2359366e-01 0.0000000e+00 1.0000000e-02 9.1473607e-02 9.2157844e-02 1.7482188e-03 7.0684182e-02 1.7696822e-02 1.9328715e-04 7.4536560e-09
8.7284526e-13 0.0000000e+00 3.3113112e-01 0.0000000e+00 1.0000000e-02 9.3629010e-02 9.4320083e-02 1.6979010e-03 7.1923093e-02 1.8592175e-02 2.1337610e-04 1.0533363e-08
8.7876374e-13 0.0000000e+00 3.3884416e-01 0.0000000e+00 1.0000000e-02 9.5790381e-02 9.6488463e-02 1.6471075e-03 7.3162951e-02 1.9492767e-02 2.3369739e-04 1.3690350e-08
8.8422826e-13 0.0000000e+00 3.4673685e-01 0.0000000e+00 1.0000000e-02 9.7858551e-02 9.8565633e-02 1.5953223e-03 7.4326171e-02 2.0381504e-02 2.5547452e-04 1.8114208e-08
8.8914517e-13 0.0000000e+00 3.5481339e-01 0.0000000e+00 1.0000000e-02 9.9811565e-02 1.0052995e-01 1.5425243e-03 7.5396248e-02 2.1253791e-02 2.7889464e-04 2.4009639e-08
8.9408083e-13 0.0000000e+00 3.6307805e-01 0.0000000e+00 1.0000000e-02 1.0177203e-01 1.0250176e-01 1.4895248e-03 7.6470407e-02 2.2129406e-02 3.0240409e-04 2.9927556e-08
8.9814996e-13 0.0000000e+00 3.7153523e-01 0.0000000e+00 1.0000000e-02 1.0352760e-01 1.0427331e-01 1.4371443e-03 7.7399684e-02 2.2955035e-02 3.2897197e-04 4.0314262e-08
9.0219283e-13 0.0000000e+00 3.8018940e-01 0.0000000e+00 1.0000000e-02 1.0527847e-01 1.0604035e-01 1.3846890e-03 7.8325042e-02 2.3780265e-02 3.5570982e-04 5.0895603e-08
9.0591659e-13 0.0000000e+00 3.8904514e-01 0.0000000e+00 1.0000000e-02 1.0694775e-01 1.0772820e-01 1.3335161e-03 7.9199062e-02 2.4579136e-02 3.8403431e-04 6.5001201e-08
9.0926530e-13 0.0000000e+00 3.9810717e-01 0.0000000e+00 1.0000000e-02 1.0852050e-01 1.0932228e-01 1.2838829e-03 8.0012500e-02 2.5346584e-02 4.1418148e-04 8.3199141e-08
9.1261646e-13 0.0000000e+00 4.0738028e-01 0.0000000e+00 1.0000000e-02 1.1009440e-01 1.1091752e-01 1.2342134e-03 8.0826531e-02 2.6114593e-02 4.4435066e-04 1.0141037e-07
9.1541992e-13 0.0000000e+00 4.1686938e-01 0.0000000e+00 1.0000000e-02 1.1152870e-01 1.1237836e-01 1.1886839e-03 8.1564594e-02 2.6825023e-02 4.7803849e-04 1.3113442e-07
9.1820360e-13 0.0000000e+00 4.2657952e-01 0.0000000e+00 1.0000000e-02 1.1295839e-01 1.1383479e-01 1.1432897e-03 8.2300117e-02 2.7533615e-02 5.1188321e-04 1.6132524e-07
9.2082406e-13 0.0000000e+00 4.3651583e-01 0.0000000e+00 1.0000000e-02 1.1434931e-01 1.1525481e-01 1.1001744e-03 8.3021438e-02 2.8218539e-02 5.4739004e-04 1.9986964e-07
9.2325383e-13 0.0000000e+00 4.4668359e-01 0.0000000e+00 1.0000000e-02 1.1569468e-01 1.1663200e-01 1.0597239e-03 8.3725997e-02 2.8875705e-02 5.8481718e-04 2.4811366e-07
9.2568304e-13 0.0000000e+00 4.5708819e-01 0.0000000e+00 1.0000000e-02 1.1703974e-01 1.1800888e-01 1.0192824e-03 8.4430396e-02 2.9532723e-02 6.2223587e-04 2.9634677e-07
9.2777462e-13 0.0000000e+00 4.6773514e-01 0.0000000e+00 1.0000000e-02 1.1830652e-01 1.1931311e-01 9.8458762e-04 8.5100241e-02 3.0145716e-02 6.6382457e-04 3.7025912e-07
9.2985517e-13 0.0000000e+00 4.7863009e-01 0.0000000e+00 1.0000000e-02 1.1957154e-01 1.2061584e-01 9.5008147e-04 8.5769427e-02 3.0757622e-02 7.0561896e-04 4.4525030e-07
9.3179935e-13 0.0000000e+00 4.8977882e-01 0.0000000e+00 1.0000000e-02 1.2081521e-01 1.2190020e-01 9.1832812e-04 8.6426564e-02 3.1358161e-02 7.4975522e-04 5.3798618e-07
9.3358796e-13 0.0000000e+00 5.0118723e-01 0.0000000e+00 1.0000000e-02 1.2203618e-01 1.2316541e-01 8.8972864e-04 8.7070809e-02 3.1946505e-02 7.9670002e-04 6.5157638e-07
9.3538230e-13 0.0000000e+00 5.1286138e-01 0.0000000e+00 1.0000000e-02 1.2326106e-01 1.2443468e-01 8.6103752e-04 8.7717120e-02 3.2536734e-02 8.4379524e-04 7.6553058e-07
9.3694615e-13 0.0000000e+00 5.2480746e-01 0.0000000e+00 1.0000000e-02 1.2446673e-01 1.2569156e-01 8.3759963e-04 8.8344962e-02 3.3117873e-02 8.9649439e-04 9.3146888e-07
9.3851073e-13 0.0000000e+00 5.3703180e-01 0.0000000e+00 1.0000000e-02 1.2567920e-01 1.2695584e-01 8.1422144e-04 8.8976014e-02 3.3702297e-02 9.4974416e-04 1.1004913e-06
9.3998926e-13 0.0000000e+00 5.4954087e-01 0.0000000e+00 1.0000000e-02 1.2689593e-01 1.2822802e-01 7.9288844e-04 8.9598520e-02 3.4293695e-02 1.0060996e-03 1.3041903e-06
9.4136865e-13 0.0000000e+00 5.6234133e-01 0.0000000e+00 1.0000000e-02 1.2811940e-01 1.2951129e-01 7.7393082e-04 9.0211854e-02 3.4894133e-02 1.0661874e-03 1.5489628e-06
9.4276105e-13 0.0000000e+00 5.7543994e-01 0.0000000e+00 1.0000000e-02 1.2935442e-01 1.3080667e-01 7.5479433e-04 9.0830975e-02 3.5500237e-02 1.1268422e-03 1.7960446e-06
9.4398967e-13 0.0000000e+00 5.8884366e-01 0.0000000e+00 1.0000000e-02 1.3061187e-01 1.3213280e-01 7.3930560e-04 9.1416509e-02 3.6145135e-02 1.1947276e-03 2.1403121e-06
9.4522802e-13 0.0000000e+00 6.0255959e-01 0.0000000e+00 1.0000000e-02 1.3188684e-01 1.3347769e-01 7.2375704e-04 9.2008449e-02 3.6800100e-02 1.2637978e-03 2.4929914e-06
9.4640648e-13 0.0000000e+00 6.1659500e-01 0.0000000e+00 1.0000000e-02 1.3318874e-01 1.3485444e-01 7.0953139e-04 9.2575424e-02 3.7495771e-02 1.3372882e-03 2.9105986e-06
9.4751546e-13 0.0000000e+00 6.3095734e-01 0.0000000e+00 1.0000000e-02 1.3452471e-01 1.3627126e-01 6.9685886e-04 9.3113552e-02 3.8240982e-02 1.4161552e-03 3.4061556e-06
9.4864526e-13 0.0000000e+00 6.4565423e-01 0.0000000e+00 1.0000000e-02 1.3588577e-01 1.3771469e-01 6.8394829e-04 9.3661788e-02 3.9000191e-02 1.4965035e-03 3.9110208e-06
9.4964241e-13 0.0000000e+00 6.6069345e-01 0.0000000e+00 1.0000000e-02 1.3728997e-01 1.3921177e-01 6.7361695e-04 9.4113189e-02 3.9870319e-02 1.5862281e-03 4.5908873e-06
9.5065825e-13 0.0000000e+00 6.7608298e-01 0.0000000e+00 1.0000000e-02 1.3872977e-01 1.4074711e-01 6.6314052e-04 9.4571570e-02 4.0765909e-02 1.6784950e-03 5.2942130e-06
9.5162957e-13 0.0000000e+00 6.9183097e-01 0.0000000e+00 1.0000000e-02 1.4020533e-01 1.4232505e-01 6.5364707e-04 9.4961498e-02 4.1748370e-02 1.7769687e-03 6.1173609e-06
9.5254755e-13 0.0000000e+00 7.0794578e-01 0.0000000e+00 1.0000000e-02 1.4172527e-01 1.4395570e-01 6.4533891e-04 9.5268700e-02 4.2836839e-02 1.8830359e-03 7.0863561e-06
9.5349528e-13 0.0000000e+00 7.2443596e-01 0.0000000e+00 1.0000000e-02 1.4329445e-01 1.4563919e-01 6.3676156e-04 9.5585855e-02 4.3960574e-02 1.9925397e-03 8.0867472e-06
9.5432234e-13 0.0000000e+00 7.4131024e-01 0.0000000e+00 1.0000000e-02 1.4488197e-01 1.4735381e-01 6.3040719e-04 9.5679174e-02 4.5290725e-02 2.1135649e-03 9.3991032e-06
9.5517695e-13 0.0000000e+00 7.5857758e-01 0.0000000e+00 1.0000000e-02 1.4653272e-01 1.4913718e-01 6.2389450e-04 9.5766930e-02 4.6681731e-02 2.2398276e-03 1.0775968e-05
9.5598774e-13 0.0000000e+00 7.7624712e-01 0.0000000e+00 1.0000000e-02 1.4820659e-01 1.5095300e-01 6.1831684e-04 9.5714545e-02 4.8217647e-02 2.3746311e-03 1.2380085e-05
9.5674292e-13 0.0000000e+00 7.9432823e-01 0.0000000e+00 1.0000000e-02 1.4990686e-01 1.5280662e-01 6.1390918e-04 9.5488049e-02 4.9931521e-02 2.5198610e-03 1.4264407e-05
9.5753668e-13 0.0000000e+00 8.1283052e-01 0.0000000e+00 1.0000000e-02 1.5169400e-01 1.5475495e-01 6.0927632e-04 9.5249981e-02 5.1732958e-02 2.6725109e-03 1.6245000e-05
9.5818300e-13 0.0000000e+00 8.3176377e-01 0.0000000e+00 1.0000000e-02 1.5340194e-01 1.5663958e-01 6.0692206e-04 9.4648626e-02 5.3799370e-02 2.8390697e-03 1.8798330e-05
9.5886149e-13 0.0000000e+00 8.5113804e-01 0.0000000e+00 1.0000000e-02 1.5520808e-01 1.5863357e-01 6.0452458e-04 9.3996082e-02 5.5999915e-02 3.0161235e-03 2.1527817e-05
9.5948344e-13 0.0000000e+00 8.7096359e-01 0.0000000e+00 1.0000000e-02 1.5699804e-01 1.6062512e-01 6.0311758e-04 9.3136924e-02 5.8384040e-02 3.2057373e-03 2.4717829e-05
9.6002934e-13 0.0000000e+00 8.9125094e-01 0.0000000e+00 1.0000000e-02 1.5875718e-01 1.6260236e-01 6.0298940e-04 9.2017478e-02 6.0990338e-02 3.4104026e-03 2.8480843e-05
9.6061634e-13 0.0000000e+00 9.1201084e-01 0.0000000e+00 1.0000000e-02 1.6064879e-01 1.6472851e-01 6.0285155e-04 9.0813731e-02 6.3792907e-02 3.6304805e-03 3.2527234e-05
9.6101080e-13 0.0000000e+00 9.3325430e-01 0.0000000e+00 1.0000000e-02 1.6229276e-01 1.6662630e-01 6.0500129e-04 8.9250919e-02 6.6739398e-02 3.8676991e-03 3.7717087e-05
9.6143027e-13 0.0000000e+00 9.5499259e-01 0.0000000e+00 1.0000000e-02 1.6406541e-01 1.6867516e-01 6.0743430e-04 8.7539601e-02 6.9942400e-02 4.1258137e-03 4.3397949e-05
9.6177372e-13 0.0000000e+00 9.7723722e-01 0.0000000e+00 1.0000000e-02 1.6575950e-01 1.7066754e-01 6.1095780e-04 8.5636439e-02 7.3276329e-02 4.4039830e-03 5.0101659e-05
9.6201135e-13 0.0000000e+00 1.0000000e+00 0.0000000e+00 1.0000000e-02 1.6732717e-01 1.7255918e-01 6.1589180e-04 8.3501474e-02 7.6742545e-02 4.7053753e-03 5.8085096e-05
9.6227415e-13 0.0000000e+00 1.0232930e+00 0.0000000e+00 1.0000000e-02 1.6906092e-01 1.7465122e-01 6.2134851e-04 8.1140330e-02 8.0575976e-02 5.0386974e-03 6.6914304e-05
9.6234934e-13 0.0000000e+00 1.0471285e+00 0.0000000e+00 1.0000000e-02 1.7038160e-01 1.7635020e-01 6.2843700e-04 7.8742836e-02 8.4123472e-02 5.3891157e-03 7.8030978e-05
9.6242444e-13 0.0000000e+00 1.0715193e+00 0.0000000e+00 1.0000000e-02 1.7183328e-01 1.7822408e-01 6.3640543e-04 7.6071409e-02 8.8060694e-02 5.7801132e-03 9.0515148e-05
9.6242820e-13 0.0000000e+00 1.0964782e+00 0.0000000e+00 1.0000000e-02 1.7316040e-01 1.8000710e-01 6.4537373e-04 7.3333788e-02 9.1976090e-02 6.2014156e-03 1.0519203e-04
9.6233271e-13 0.0000000e+00 1.1220185e+00 0.0000000e+00 1.0000000e-02 1.7428017e-01 1.8161788e-01 6.5550027e-04 7.0574782e-02 9.5760173e-02 6.6539674e-03 1.2253763e-04
9.6222424e-13 0.0000000e+00 1.1481536e+00 0.0000000e+00 1.0000000e-02 1.7555208e-01 1.8344752e-01 6.6700262e-04 6.7440930e-02 1.0005837e-01 7.1680041e-03 1.4223985e-04
9.6200168e-13 0.0000000e+00 1.1748976e+00 0.0000000e+00 1.0000000e-02 1.7636742e-01 1.8482190e-01 6.7871749e-04 6.4785038e-02 1.0351678e-01 7.6805129e-03 1.6568806e-04
9.6174356e-13 0.0000000e+00 1.2022644e+00 0.0000000e+00 1.0000000e-02 1.7727142e-01 1.8636070e-01 6.9202843e-04 6.1792319e-02 1.0740345e-01 8.2623328e-03 1.9248883e-04
9.6144150e-13 0.0000000e+00 1.2302688e+00 0.0000000e+00 1.0000000e-02 1.7805631e-01 1.8781723e-01 7.0593776e-04 5.8888101e-02 1.1111445e-01 8.8761728e-03 2.2324778e-04
9.6108932e-13 0.0000000e+00 1.2589254e+00 0.0000000e+00 1.0000000e-02 1.7863869e-01 1.8909595e-01 7.2012305e-04 5.6230695e-02 1.1442081e-01 9.5101953e-03 2.5837505e-04
9.6068396e-13 0.0000000e+00 1.2882496e+00 0.0000000e+00 1.0000000e-02 1.7930902e-01 1.9056776e-01 7.3645031e-04 5.3172020e-02 1.1822642e-01 1.0239955e-02 2.9880654e-04
9.6027667e-13 0.0000000e+00 1.3182567e+00 0.0000000e+00 1.0000000e-02 1.7964457e-01 1.9165326e-01 7.5108550e-04 5.0894449e-02 1.2095580e-01 1.0917555e-02 3.4356887e-04
9.5981222e-13 0.0000000e+00 1.3489629e+00 0.0000000e+00 1.0000000e-02 1.8001103e-01 1.9287229e-01 7.6769012e-04 4.8335306e-02 1.2401586e-01 1.1687597e-02 3.9481219e-04
9.5932920e-13 0.0000000e+00 1.3803843e+00 0.0000000e+00 1.0000000e-02 1.8029022e-01 1.9403338e-01 7.8448582e-04 4.5942179e-02 1.2683679e-01 1.2480825e-02 4.5206230e-04
9.5884295e-13 0.0000000e+00 1.4125375e+00 0.0000000e+00 1.0000000e-02 1.8043112e-01 1.9505558e-01 8.0074446e-04 4.3901927e-02 1.2917965e-01 1.3268941e-02 5.1514054e-04
9.5828430e-13 0.0000000e+00 1.4454398e+00 0.0000000e+00 1.0000000e-02 1.8059300e-01 1.9622996e-01 8.1942347e-04 4.1557949e-02 1.3187129e-01 1.4174380e-02 5.8760903e-04
9.5779290e-13 0.0000000e+00 1.4791084e+00 0.0000000e+00 1.0000000e-02 1.8058597e-01 1.9712267e-01 8.3512189e-04 3.9949896e-02 1.3364013e-01 1.4969661e-02 6.6359761e-04
9.5723953e-13 0.0000000e+00 1.5135612e+00 0.0000000e+00 1.0000000e-02 1.8056994e-01 1.9812034e-01 8.5276038e-04 3.8163677e-02 1.3559954e-01 1.5865175e-02 7.4983418e-04
9.5668226e-13 0.0000000e+00 1.5488166e+00 0.0000000e+00 1.0000000e-02 1.8050465e-01 1.9908207e-01 8.7018209e-04 3.6536723e-02 1.3734898e-01 1.6766877e-02 8.4388959e-04
9.5614557e-13 0.0000000e+00 1.5848932e+00 0.0000000e+00 1.0000000e-02 1.8037287e-01 1.9994805e-01 8.8648242e-04 3.5210773e-02 1.3872009e-01 1.7635120e-02 9.4458283e-04
9.5553550e-13 0.0000000e+00 1.6218101e+00 0.0000000e+00 1.0000000e-02 1.8022308e-01 2.0093242e-01 9.0501136e-04 3.3703536e-02 1.4027867e-01 1.8622071e-02 1.0590431e-03
9.5501119e-13 0.0000000e+00 1.6595869e+00 0.0000000e+00 1.0000000e-02 1.8002307e-01 2.0171564e-01 9.2015754e-04 3.2710951e-02 1.4123084e-01 1.9462784e-02 1.1754117e-03
9.5442798e-13 0.0000000e+00 1.6982437e+00 0.0000000e+00 1.0000000e-02 1.7979671e-01 2.0258340e-01 9.3696240e-04 3.1623417e-02 1.4226881e-01 2.0397514e-02 1.3058331e-03
9.5384631e-13 0.0000000e+00 1.7378008e+00 0.0000000e+00 1.0000000e-02 1.7954982e-01 2.0343097e-01 9.5335415e-04 3.0650844e-02 1.4316296e-01 2.1324251e-02 1.4454874e-03
9.5329083e-13 0.0000000e+00 1.7782794e+00 0.0000000e+00 1.0000000e-02 1.7928470e-01 2.0421548e-01 9.6849505e-04 2.9877832e-02 1.4382082e-01 2.2201561e-02 1.5921566e-03
9.5266767e-13 0.0000000e+00 1.8197009e+00 0.0000000e+00 1.0000000e-02 1.7898727e-01 2.0509559e-01 9.8548107e-04 2.9010618e-02 1.4455885e-01 2.3185781e-02 1.7566994e-03
9.5212509e-13 0.0000000e+00 1.8620871e+00 0.0000000e+00 1.0000000e-02 1.7869954e-01 2.0581906e-01 9.9921396e-04 2.8448730e-02 1.4496099e-01 2.4010407e-02 1.9209180e-03
9.5152818e-13 0.0000000e+00 1.9054607e+00 0.0000000e+00 1.0000000e-02 1.7838147e-01 2.0661272e-01 1.0142663e-03 2.7840784e-02 1.4539069e-01 2.4915908e-02 2.1026905e-03
9.5093173e-13 0.0000000e+00 1.9498446e+00 0.0000000e+00 1.0000000e-02 1.7805634e-01 2.0738755e-01 1.0287952e-03 2.7302521e-02 1.4573527e-01 2.5800703e-02 2.2946791e-03
9.5035687e-13 0.0000000e+00 1.9952623e+00 0.0000000e+00 1.0000000e-02 1.7773304e-01 2.0810954e-01 1.0421015e-03 2.6877983e-02 1.4595191e-01 2.6626235e-02 2.4938212e-03
9.4971964e-13 0.0000000e+00 2.0417379e+00 0.0000000e+00 1.0000000e-02 1.7737467e-01 2.0890985e-01 1.0568513e-03 2.6407388e-02 1.4619206e-01 2.7541326e-02 2.7145676e-03
9.4915912e-13 0.0000000e+00 2.0892961e+00 0.0000000e+00 1.0000000e-02 1.7705070e-01 2.0958617e-01 1.0688192e-03 2.6105344e-02 1.4626667e-01 2.8305877e-02 2.9327304e-03
9.4854827e-13 0.0000000e+00 2.1379621e+00 0.0000000e+00 1.0000000e-02 1.7669719e-01 2.1032180e-01 1.0818099e-03 2.5781937e-02 1.4634094e-01 2.9136998e-02 3.1717167e-03
9.4793830e-13 0.0000000e+00 2.1877616e+00 0.0000000e+00 1.0000000e-02 1.7634372e-01 2.1104753e-01 1.0943399e-03 2.5498615e-02 1.4636834e-01 2.9948566e-02 3.4214566e-03
9.4734778e-13 0.0000000e+00 2.2387211e+00 0.0000000e+00 1.0000000e-02 1.7600086e-01 2.1173825e-01 1.1058776e-03 2.5277485e-02 1.4633213e-01 3.0709637e-02 3.6781266e-03
9.4669964e-13 0.0000000e+00 2.2908677e+00 0.0000000e+00 1.0000000e-02 1.7562455e-01 2.1249638e-01 1.1185411e-03 2.5034777e-02 1.4629239e-01 3.1544971e-02 3.9598421e-03
9.4613916e-13 0.0000000e+00 2.3442288e+00 0.0000000e+00 1.0000000e-02 1.7530058e-01 2.1315742e-01 1.1287749e-03 2.4874640e-02 1.4620137e-01 3.2241662e-02 4.2349470e-03
9.4553414e-13 0.0000000e+00 2.3988329e+00 0.0000000e+00 1.0000000e-02 1.7495095e-01 2.1387127e-01 1.1397849e-03 2.4704345e-02 1.4610020e-01 3.2992394e-02 4.5335394e-03
9.4493528e-13 0.0000000e+00 2.4547089e+00 0.0000000e+00 1.0000000e-02 1.7460220e-01 2.1457699e-01 1.1504758e-03 2.4556917e-02 1.4597199e-01 3.3724080e-02 4.8429501e-03
9.4435982e-13 0.0000000e+00 2.5118864e+00 0.0000000e+00 1.0000000e-02 1.7426353e-01 2.1525395e-01 1.1604722e-03 2.4443484e-02 1.4581131e-01 3.4411924e-02 5.1587735e-03
9.4373348e-13 0.0000000e+00 2.5703958e+00 0.0000000e+00 1.0000000e-02 1.7389490e-01 2.1599077e-01 1.1713525e-03 2.4320020e-02 1.4563641e-01 3.5160600e-02 5.5025278e-03
9.4316475e-13 0.0000000e+00 2.6302680e+00 0.0000000e+00 1.0000000e-02 1.7355821e-01 2.1664435e-01 1.1807661e-03 2.4246747e-02 1.4542726e-01 3.5804112e-02 5.8388774e-03
9.4255301e-13 0.0000000e+00 2.6915348e+00 0.0000000e+00 1.0000000e-02 1.7319596e-01 2.1734662e-01 1.1908690e-03 2.4169820e-02 1.4519984e-01 3.6494532e-02 6.2018455e-03
9.4194352e-13 0.0000000e+00 2.7542287e+00 0.0000000e+00 1.0000000e-02 1.7283210e-01 2.1804483e-01 1.2007700e-03 2.4108040e-02 1.4495187e-01 3.7171938e-02 6.5759087e-03
9.4135061e-13 0.0000000e+00 2.8183829e+00 0.0000000e+00 1.0000000e-02 1.7247427e-01 2.1872212e-01 1.2101848e-03 2.4067499e-02 1.4468249e-01 3.7817135e-02 6.9561513e-03
9.4070860e-13 0.0000000e+00 2.8840315e+00 0.0000000e+00 1.0000000e-02 1.7208681e-01 2.1945550e-01 1.2203792e-03 2.4023600e-02 1.4439080e-01 3.8515759e-02 7.3678804e-03
9.4011519e-13 0.0000000e+00 2.9512092e+00 0.0000000e+00 1.0000000e-02 1.7172293e-01 2.2012220e-01 1.2295169e-03 2.4012332e-02 1.4407808e-01 3.9137778e-02 7.7675501e-03
9.3947868e-13 0.0000000e+00 3.0199517e+00 0.0000000e+00 1.0000000e-02 1.7133235e-01 2.2083680e-01 1.2393048e-03 2.4001635e-02 1.4374061e-01 3.9803855e-02 8.1971585e-03
9.3884280e-13 0.0000000e+00 3.0902954e+00 0.0000000e+00 1.0000000e-02 1.7093753e-01 2.2155218e-01 1.2490795e-03 2.4001408e-02 1.4338545e-01 4.0463900e-02 8.6379983e-03
9.3822081e-13 0.0000000e+00 3.1622777e+00 0.0000000e+00 1.0000000e-02 1.7054530e-01 2.2225387e-01 1.2586361e-03 2.4014835e-02 1.4301452e-01 4.1102518e-02 9.0844225e-03
9.3754953e-13 0.0000000e+00 3.2359366e+00 0.0000000e+00 1.0000000e-02 1.7012198e-01 2.2301117e-01 1.2689502e-03 2.4029326e-02 1.4261420e-01 4.1791745e-02 9.5662254e-03
9.3692123e-13 0.0000000e+00 3.3113112e+00 0.0000000e+00 1.0000000e-02 1.6972298e-01 2.2370524e-01 1.2784598e-03 2.4060777e-02 1.4221262e-01 4.2413372e-02 1.0029002e-02
9.3624885e-13 0.0000000e+00 3.3884416e+00 0.0000000e+00 1.0000000e-02 1.6929584e-01 2.2444733e-01 1.2886300e-03 2.4095270e-02 1.4178161e-01 4.3077525e-02 1.0524805e-02
9.3557181e-13 0.0000000e+00 3.4673685e+00 0.0000000e+00 1.0000000e-02 1.6886358e-01 2.2519539e-01 1.2989047e-03 2.4137649e-02 1.4133533e-01 4.3742684e-02 1.1030525e-02
9.3490166e-13 0.0000000e+00 3.5481339e+00 0.0000000e+00 1.0000000e-02 1.6843293e-01 2.2593694e-01 1.3091188e-03 2.4189456e-02 1.4087775e-01 4.4396437e-02 1.1539456e-02
9.3418025e-13 0.0000000e+00 3.6307805e+00 0.0000000e+00 1.0000000e-02 1.6796932e-01 2.2673522e-01 1.3201144e-03 2.4245228e-02 1.4038516e-01 4.5100209e-02 1.2087325e-02
9.3350913e-13 0.0000000e+00 3.7153523e+00 0.0000000e+00 1.0000000e-02 1.6753088e-01 2.2747172e-01 1.3303389e-03 2.4309404e-02 1.3990311e-01 4.5745277e-02 1.2607875e-02
9.3279254e-13 0.0000000e+00 3.8018940e+00 0.0000000e+00 1.0000000e-02 1.6706239e-01 2.2825784e-01 1.3412559e-03 2.4378503e-02 1.3938729e-01 4.6433597e-02 1.3164201e-02
9.3207127e-13 0.0000000e+00 3.8904514e+00 0.0000000e+00 1.0000000e-02 1.6658806e-01 2.2904601e-01 1.3522375e-03 2.4453189e-02 1.3885835e-01 4.7123152e-02 1.3727186e-02
9.3135716e-13 0.0000000e+00 3.9810717e+00 0.0000000e+00 1.0000000e-02 1.6611483e-01 2.2982240e-01 1.3631015e-03 2.4533736e-02 1.3832214e-01 4.7801669e-02 1.4288474e-02
9.3059002e-13 0.0000000e+00 4.0738028e+00 0.0000000e+00 1.0000000e-02 1.6560647e-01 2.3065646e-01 1.3747724e-03 2.4620265e-02 1.3774611e-01 4.8530576e-02 1.4891446e-02
9.2989049e-13 0.0000000e+00 4.1686938e+00 0.0000000e+00 1.0000000e-02 1.6513546e-01 2.3142681e-01 1.3855401e-03 2.4707250e-02 1.3720275e-01 4.9200018e-02 1.5453718e-02
9.2914576e-13 0.0000000e+00 4.2657952e+00 0.0000000e+00 1.0000000e-02 1.6463367e-01 2.3224740e-01 1.3970096e-03 2.4800240e-02 1.3662343e-01 4.9912942e-02 1.6052912e-02
9.2840111e-13 0.0000000e+00 4.3651583e+00 0.0000000e+00 1.0000000e-02 1.6412844e-01 2.3306738e-01 1.4085448e-03 2.4897094e-02 1.3603544e-01 5.0627513e-02 1.6653295e-02
9.2766961e-13 0.0000000e+00 4.4668359e+00 0.0000000e+00 1.0000000e-02 1.6362763e-01 2.3387219e-01 1.4199626e-03 2.4997237e-02 1.3544661e-01 5.1331674e-02 1.7244678e-02
9.2688548e-13 0.0000000e+00 4.5708819e+00 0.0000000e+00 1.0000000e-02 1.6309080e-01 2.3473490e-01 1.4322018e-03 2.5104584e-02 1.3481542e-01 5.2086498e-02 1.7878609e-02
9.2615558e-13 0.0000000e+00 4.6773514e+00 0.0000000e+00 1.0000000e-02 1.6258430e-01 2.3552520e-01 1.4437541e-03 2.5211643e-02 1.3421133e-01 5.2790434e-02 1.8461405e-02
9.2537904e-13 0.0000000e+00 4.7863009e+00 0.0000000e+00 1.0000000e-02 1.6204512e-01 2.3636541e-01 1.4560520e-03 2.5325875e-02 1.3356788e-01 5.3539415e-02 1.9081104e-02
9.2460091e-13 0.0000000e+00 4.8977882e+00 0.0000000e+00 1.0000000e-02 1.6150406e-01 2.3720936e-01 1.4684577e-03 2.5443104e-02 1.3291828e-01 5.4295148e-02 1.9699560e-02
9.2383346e-13 0.0000000e+00 5.0118723e+00 0.0000000e+00 1.0000000e-02 1.6096942e-01 2.3804434e-01 1.4807996e-03 2.5562276e-02 1.3227138e-01 5.5047231e-02 2.0306311e-02
9.2301142e-13 0.0000000e+00 5.1286138e+00 0.0000000e+00 1.0000000e-02 1.6039675e-01 2.3893870e-01 1.4940192e-03 2.5689925e-02 1.3157847e-01 5.5852809e-02 2.0956220e-02
9.2224190e-13 0.0000000e+00 5.2480746e+00 0.0000000e+00 1.0000000e-02 1.5985532e-01 2.3972462e-01 1.5064364e-03 2.5816292e-02 1.3091524e-01 5.6590878e-02 2.1534932e-02
9.2142407e-13 0.0000000e+00 5.3703180e+00 0.0000000e+00 1.0000000e-02 1.5927965e-01 2.4055751e-01 1.5196350e-03 2.5950908e-02 1.3020970e-01 5.7374537e-02 2.2148600e-02
9.2060474e-13 0.0000000e+00 5.4954087e+00 0.0000000e+00 1.0000000e-02 1.5870674e-01 2.4137997e-01 1.5326859e-03 2.6087175e-02 1.2950448e-01 5.8158949e-02 2.2748392e-02
9.1979694e-13 0.0000000e+00 5.6234133e+00 0.0000000e+00 1.0000000e-02 1.5814678e-01 2.4217555e-01 1.5453327e-03 2.6223322e-02 1.2881126e-01 5.8931441e-02 2.3320506e-02
9.1893357e-13 0.0000000e+00 5.7543994e+00 0.0000000e+00 1.0000000e-02 1.5754831e-01 2.4302585e-01 1.5588495e-03 2.6368835e-02 1.2807035e-01 5.9757070e-02 2.3931974e-02
9.1814139e-13 0.0000000e+00 5.8884366e+00 0.0000000e+00 1.0000000e-02 1.5699415e-01 2.4377818e-01 1.5713453e-03 2.6503858e-02 1.2738236e-01 6.0517443e-02 2.4467478e-02
9.1730166e-13 0.0000000e+00 6.0255959e+00 0.0000000e+00 1.0000000e-02 1.5640647e-01 2.4457438e-01 1.5845958e-03 2.6647059e-02 1.2665267e-01 6.1323599e-02 2.5033934e-02
9.1646830e-13 0.0000000e+00 6.1659500e+00 0.0000000e+00 1.0000000e-02 1.5582139e-01 2.4534840e-01 1.5978161e-03 2.6791972e-02 1.2592310e-01 6.2123838e-02 2.5581657e-02
9.1565650e-13 0.0000000e+00 6.3095734e+00 0.0000000e+00 1.0000000e-02 1.5524904e-01 2.4608158e-01 1.6107854e-03 2.6936748e-02 1.2520539e-01 6.2903633e-02 2.6096588e-02
9.1479074e-13 0.0000000e+00 6.4565423e+00 0.0000000e+00 1.0000000e-02 1.5463864e-01 2.4686348e-01 1.6246166e-03 2.7091146e-02 1.2443999e-01 6.3735253e-02 2.6645741e-02
9.1400445e-13 0.0000000e+00 6.6069345e+00 0.0000000e+00 1.0000000e-02 1.5408806e-01 2.4753303e-01 1.6369415e-03 2.7228694e-02 1.2375036e-01 6.4481823e-02 2.7108982e-02
9.1317309e-13 0.0000000e+00 6.7608298e+00 0.0000000e+00 1.0000000e-02 1.5350611e-01 2.4823903e-01 1.6499616e-03 2.7373999e-02 1.2302146e-01 6.5270771e-02 2.7597097e-02
9.1235401e-13 0.0000000e+00 6.9183097e+00 0.0000000e+00 1.0000000e-02 1.5293575e-01 2.4891253e-01 1.6627145e-03 2.7517669e-02 1.2230516e-01 6.6043663e-02 2.8057629e-02
9.1156358e-13 0.0000000e+00 7.0794578e+00 0.0000000e+00 1.0000000e-02 1.5238921e-01 2.4953390e-01 1.6749246e-03 2.7656980e-02 1.2161629e-01 6.6783830e-02 2.8475683e-02
9.1072312e-13 0.0000000e+00 7.2443596e+00 0.0000000e+00 1.0000000e-02 1.5180807e-01 2.5019461e-01 1.6879075e-03 2.7805108e-02 1.2088382e-01 6.7570849e-02 2.8920199e-02
9.0997668e-13 0.0000000e+00 7.4131024e+00 0.0000000e+00 1.0000000e-02 1.5129356e-01 2.5073977e-01 1.6992998e-03 2.7935762e-02 1.2023592e-01 6.8266591e-02 2.9275395e-02
9.0919077e-13 0.0000000e+00 7.5857758e+00 0.0000000e+00 1.0000000e-02 1.5075192e-01 2.5131176e-01 1.7112879e-03 2.8073282e-02 1.1955387e-01 6.8998976e-02 2.9647474e-02
9.0842790e-13 0.0000000e+00 7.7624712e+00 0.0000000e+00 1.0000000e-02 1.5022883e-01 2.5184806e-01 1.7228124e-03 2.8206227e-02 1.1889478e-01 6.9707516e-02 2.9989694e-02
9.0770559e-13 0.0000000e+00 7.9432823e+00 0.0000000e+00 1.0000000e-02 1.4973707e-01 2.5233109e-01 1.7335774e-03 2.8331393e-02 1.1827458e-01 7.0375280e-02 3.0288942e-02
9.0694023e-13 0.0000000e+00 8.1283052e+00 0.0000000e+00 1.0000000e-02 1.4921599e-01 2.5284292e-01 1.7449842e-03 2.8464020e-02 1.1761742e-01 7.1082849e-02 3.0606028e-02
9.0626594e-13 0.0000000e+00 8.3176377e+00 0.0000000e+00 1.0000000e-02 1.4876412e-01 2.5324972e-01 1.7548282e-03 2.8578895e-02 1.1704728e-01 7.1698241e-02 3.0842570e-02
9.0555854e-13 0.0000000e+00 8.5113804e+00 0.0000000e+00 1.0000000e-02 1.4829042e-01 2.5367437e-01 1.7651458e-03 2.8699317e-02 1.1644956e-01 7.2343472e-02 3.1088666e-02
9.0483061e-13 0.0000000e+00 8.7096359e+00 0.0000000e+00 1.0000000e-02 1.4782971e-01 2.5406598e-01 1.7750400e-03 2.8813173e-02 1.1587145e-01 7.2951814e-02 3.1326013e-02
9.0408472e-13 0.0000000e+00 8.9125094e+00 0.0000000e+00 1.0000000e-02 1.4739054e-01 2.5441143e-01 1.7842887e-03 2.8917457e-02 1.1532453e-01 7.3506730e-02 3.1549659e-02
9.0329397e-13 0.0000000e+00 9.1201084e+00 0.0000000e+00 1.0000000e-02 1.4692496e-01 2.5477767e-01 1.7940939e-03 2.9028015e-02 1.1474471e-01 7.4095027e-02 3.1786758e-02
9.0267859e-13 0.0000000e+00 9.3325430e+00 0.0000000e+00 1.0000000e-02 1.4653390e-01 2.5502838e-01 1.8024224e-03 2.9125665e-02 1.1425264e-01 7.4606731e-02 3.1912288e-02
9.0203860e-13 0.0000000e+00 9.5499259e+00 0.0000000e+00 1.0000000e-02 1.4612564e-01 2.5528726e-01 1.8111220e-03 2.9227853e-02 1.1373866e-01 7.5141832e-02 3.2039625e-02
9.0142225e-13 0.0000000e+00 9.7723722e+00 0.0000000e+00 1.0000000e-02 1.4573500e-01 2.5551679e-01 1.8193896e-03 2.9326416e-02 1.1324598e-01 7.5653811e-02 3.2143570e-02
9.0084350e-13 0.0000000e+00 1.0000000e+01 0.0000000e+00 1.0000000e-02 1.4537152e-01 2.5570649e-01 1.8270084e-03 2.9419160e-02 1.1278640e-01 7.6130160e-02 3.2216763e-02
