1e-12 0.2 0.5 0.0 0.01 776 0.203389138 7.98476601 2761.1688267 32.30760053 24.162646048
1e-12 0.2 0.55 0.0 0.01 776 0.203389138 7.98476601 2761.1688267 31.921858852 24.37696353
1e-12 0.2 0.6 0.0 0.01 776 0.203389138 7.98476601 2761.1688267 31.589267498 24.578509618
1e-12 0.2 0.65 0.0 0.01 776 0.203389138 7.98476601 2761.1688267 31.278806584 24.766653102
1e-12 0.2 0.7 0.0 0.01 776 0.203389138 7.98476601 2761.1688267 30.998773637 24.943376103
1e-12 0.2 0.75 0.0 0.01 776 0.203389138 7.98476601 2761.1688267 30.748265058 25.117890209
1e-12 0.2 0.8 0.0 0.01 776 0.203389138 7.98476601 2761.1688267 30.497405971 25.292651024
1e-12 0.2 0.8500000000000001 0.0 0.01 776 0.203389138 7.98476601 2761.1688267 30.246195423 25.467645684
1e-12 0.2 0.9 0.0 0.01 776 0.203389138 7.98476601 2761.1688267 30.076475649 25.602155797
1e-12 0.2 0.95 0.0 0.01 776 0.203389138 7.98476601 2761.1688267 29.925290902 25.729700907
1e-12 0.2 1.0 0.0 0.01 776 0.203389138 7.98476601 2761.1688267 29.76616726 25.863943641
1e-12 0.2 1.05 0.0 0.01 776 0.203389138 7.98476601 2761.1688267 29.598462291 26.005427839
1e-12 0.2 1.1 0.0 0.01 776 0.203389138 7.98476601 2761.1688267 29.464509302 26.133205132
1e-12 0.2 1.15 0.0 0.01 776 0.203389138 7.98476601 2761.1688267 29.42511424 26.216765772
1e-12 0.2 1.2000000000000002 0.0 0.01 776 0.203389138 7.98476601 2761.1688267 29.383760008 26.304490693
1e-12 0.2 1.25 0.0 0.01 776 0.203389138 7.98476601 2761.1688267 29.340296932 26.396683878
1e-12 0.2 1.3 0.0 0.01 776 0.203389138 7.98476601 2761.1688267 29.294559214 26.493689853
1e-12 0.2 1.35 0.0 0.01 776 0.203389138 7.98476601 2761.1688267 29.246363754 26.595924193
1e-12 0.2 1.4 0.0 0.01 776 0.203389138 7.98476601 2761.1688267 29.223516594 26.683450536
1e-12 0.2 1.4500000000000002 0.0 0.01 776 0.203389138 7.98476601 2761.1688267 29.212975548 26.763712597
1e-12 0.2 1.5 0.0 0.01 776 0.203389138 7.98476601 2761.1688267 29.202244817 26.845413019
1e-12 0.2 1.55 0.0 0.01 776 0.203389138 7.98476601 2761.1688267 29.191319349 26.928602008
1e-12 0.2 1.6 0.0 0.01 776 0.203389138 7.98476601 2761.1688267 29.180193573 27.013319593
1e-12 0.2 1.6500000000000001 0.0 0.01 776 0.203389138 7.98476601 2761.1688267 29.16886212 27.099599832
1e-12 0.2 1.7000000000000002 0.0 0.01 776 0.203389138 7.98476601 2761.1688267 29.157319191 27.187492645
1e-12 0.2 1.75 0.0 0.01 776 0.203389138 7.98476601 2761.1688267 29.144449242 27.26842151
1e-12 0.2 1.8 0.0 0.01 776 0.203389138 7.98476601 2761.1688267 29.130802155 27.344398637
1e-12 0.2 1.85 0.0 0.01 776 0.203389138 7.98476601 2761.1688267 29.117116611 27.420597231
1e-12 0.2 1.9000000000000001 0.0 0.01 776 0.203389138 7.98476601 2761.1688267 29.103392311 27.496998969
1e-12 0.2 1.9500000000000002 0.0 0.01 776 0.203389138 7.98476601 2761.1688267 29.089629261 27.573629667
1e-12 0.2 2.0 0.0 0.01 776 0.203389138 7.98476601 2761.1688267 29.075827058 27.6504752
1e-12 0.2 2.05 0.0 0.01 776 0.203389138 7.98476601 2761.1688267 29.061985821 27.72753214
1e-12 0.2 2.1 0.0 0.01 776 0.203389138 7.98476601 2761.1688267 29.048105057 27.804804903
1e-12 0.2 2.1500000000000004 0.0 0.01 776 0.203389138 7.98476601 2761.1688267 29.034184779 27.882307909
1e-12 0.2 2.2 0.0 0.01 776 0.203389138 7.98476601 2761.1688267 29.021822843 27.952156692
1e-12 0.2 2.25 0.0 0.01 776 0.203389138 7.98476601 2761.1688267 29.0101164 28.018781324
1e-12 0.2 2.3 0.0 0.01 776 0.203389138 7.98476601 2761.1688267 28.998413019 28.085387346
1e-12 0.2 2.35 0.0 0.01 776 0.203389138 7.98476601 2761.1688267 28.986712852 28.151972397
1e-12 0.2 2.4000000000000004 0.0 0.01 776 0.203389138 7.98476601 2761.1688267 28.975015952 28.218542814
1e-12 0.2 2.45 0.0 0.01 776 0.203389138 7.98476601 2761.1688267 28.963322226 28.285090788
1e-12 0.2 2.5 0.0 0.01 776 0.203389138 7.98476601 2761.1688267 28.951631584 28.351620966
1e-12 0.2 2.5500000000000003 0.0 0.01 776 0.203389138 7.98476601 2761.1688267 28.939944186 28.418136527
1e-12 0.2 2.6 0.0 0.01 776 0.203389138 7.98476601 2761.1688267 28.928260011 28.484633978
1e-12 0.2 2.65 0.0 0.01 776 0.203389138 7.98476601 2761.1688267 28.916578927 28.551110204
1e-12 0.2 2.7 0.0 0.01 776 0.203389138 7.98476601 2761.1688267 28.904900971 28.617568338
1e-12 0.2 2.75 0.0 0.01 776 0.203389138 7.98476601 2761.1688267 28.894980594 28.677690466
1e-12 0.2 2.8000000000000003 0.0 0.01 776 0.203389138 7.98476601 2761.1688267 28.886823272 28.731439557
1e-12 0.2 2.85 0.0 0.01 776 0.203389138 7.98476601 2761.1688267 28.878665673 28.785200232
1e-12 0.2 2.9000000000000004 0.0 0.01 776 0.203389138 7.98476601 2761.1688267 28.870508078 28.838957256
1e-12 0.2 2.95 0.0 0.01 776 0.203389138 7.98476601 2761.1688267 28.862350145 28.892709182
1e-12 0.2 3.0 0.0 0.01 776 0.203389138 7.98476601 2761.1688267 28.854192196 28.946470509
1e-12 0.2 3.0500000000000003 0.0 0.01 776 0.203389138 7.98476601 2761.1688267 28.84603386 29.000230263
1e-12 0.2 3.1 0.0 0.01 776 0.203389138 7.98476601 2761.1688267 28.837875562 29.053994381
1e-12 0.2 3.1500000000000004 0.0 0.01 776 0.203389138 7.98476601 2761.1688267 28.829717136 29.107757032
1e-12 0.2 3.2 0.0 0.01 776 0.203389138 7.98476601 2761.1688267 28.821558341 29.161521205
1e-12 0.2 3.25 0.0 0.01 776 0.203389138 7.98476601 2761.1688267 28.813399506 29.215274451
1e-12 0.2 3.3000000000000003 0.0 0.01 776 0.203389138 7.98476601 2761.1688267 28.805240531 29.269051558
1e-12 0.2 3.35 0.0 0.01 776 0.203389138 7.98476601 2761.1688267 28.797081311 29.322821232
1e-12 0.2 3.4000000000000004 0.0 0.01 776 0.203389138 7.98476601 2761.1688267 28.788922022 29.376581406
1e-12 0.2 3.45 0.0 0.01 776 0.203389138 7.98476601 2761.1688267 28.782389341 29.426296406
1e-12 0.2 3.5 0.0 0.01 776 0.203389138 7.98476601 2761.1688267 28.778429731 29.469599734
1e-12 0.2 3.5500000000000003 0.0 0.01 776 0.203389138 7.98476601 2761.1688267 28.774467053 29.512934707
1e-12 0.2 3.6 0.0 0.01 776 0.203389138 7.98476601 2761.1688267 28.770501372 29.556303158
1e-12 0.2 3.6500000000000004 0.0 0.01 776 0.203389138 7.98476601 2761.1688267 28.766532807 29.599707307
1e-12 0.2 3.7 0.0 0.01 776 0.203389138 7.98476601 2761.1688267 28.762561086 29.643145012
1e-12 0.2 3.75 0.0 0.01 776 0.203389138 7.98476601 2761.1688267 28.758586398 29.686616215
1e-12 0.2 3.8000000000000003 0.0 0.01 776 0.203389138 7.98476601 2761.1688267 28.754608585 29.730116615
1e-12 0.2 3.85 0.0 0.01 776 0.203389138 7.98476601 2761.1688267 28.750627948 29.773650717
1e-12 0.2 3.9000000000000004 0.0 0.01 776 0.203389138 7.98476601 2761.1688267 28.746644146 29.817219752
1e-12 0.2 3.95 0.0 0.01 776 0.203389138 7.98476601 2761.1688267 28.742657361 29.860821108
1e-12 0.2 4.0 0.0 0.01 776 0.203389138 7.98476601 2761.1688267 28.73866746 29.904454659
1e-12 0.2 4.050000000000001 0.0 0.01 776 0.203389138 7.98476601 2761.1688267 28.734674392 29.948121578
1e-12 0.2 4.1 0.0 0.01 776 0.203389138 7.98476601 2761.1688267 28.730678411 29.99181993
1e-12 0.2 4.15 0.0 0.01 776 0.203389138 7.98476601 2761.1688267 28.726679445 30.035558781
1e-12 0.2 4.2 0.0 0.01 776 0.203389138 7.98476601 2761.1688267 28.722677388 30.07932639
1e-12 0.2 4.25 0.0 0.01 776 0.203389138 7.98476601 2761.1688267 28.718672198 30.123133005
1e-12 0.2 4.300000000000001 0.0 0.01 776 0.203389138 7.98476601 2761.1688267 28.71466413 30.166964874
1e-12 0.2 4.35 0.0 0.01 776 0.203389138 7.98476601 2761.1688267 28.711448809 30.203209866
1e-12 0.2 4.4 0.0 0.01 776 0.203389138 7.98476601 2761.1688267 28.70871495 30.234874306
1e-12 0.2 4.45 0.0 0.01 776 0.203389138 7.98476601 2761.1688267 28.705977406 30.266570557
1e-12 0.2 4.5 0.0 0.01 776 0.203389138 7.98476601 2761.1688267 28.703236246 30.298308954
1e-12 0.2 4.55 0.0 0.01 776 0.203389138 7.98476601 2761.1688267 28.700491633 30.330088619
1e-12 0.2 4.6000000000000005 0.0 0.01 776 0.203389138 7.98476601 2761.1688267 28.697743372 30.361911394
1e-12 0.2 4.65 0.0 0.01 776 0.203389138 7.98476601 2761.1688267 28.694991499 30.393776063
1e-12 0.2 4.7 0.0 0.01 776 0.203389138 7.98476601 2761.1688267 28.692236139 30.425679935
1e-12 0.2 4.75 0.0 0.01 776 0.203389138 7.98476601 2761.1688267 28.689477039 30.457625726
1e-12 0.2 4.8 0.0 0.01 776 0.203389138 7.98476601 2761.1688267 28.686714375 30.48961909
1e-12 0.2 4.8500000000000005 0.0 0.01 776 0.203389138 7.98476601 2761.1688267 28.683948137 30.52164458
1e-12 0.2 4.9 0.0 0.01 776 0.203389138 7.98476601 2761.1688267 28.681178231 30.55371723
1e-12 0.2 4.95 0.0 0.01 776 0.203389138 7.98476601 2761.1688267 28.678404636 30.58582984
1e-12 0.2 5.0 0.0 0.01 776 0.203389138 7.98476601 2761.1688267 28.675627472 30.61798641
1e-12 0.2 5.05 0.0 0.01 776 0.203389138 7.98476601 2761.1688267 28.672846604 30.65019135
1e-12 0.2 5.1000000000000005 0.0 0.01 776 0.203389138 7.98476601 2761.1688267 28.670062123 30.68242974
1e-12 0.2 5.15 0.0 0.01 776 0.203389138 7.98476601 2761.1688267 28.667274005 30.71471546
1e-12 0.2 5.2 0.0 0.01 776 0.203389138 7.98476601 2761.1688267 28.664482031 30.74703979
1e-12 0.2 5.25 0.0 0.01 776 0.203389138 7.98476601 2761.1688267 28.661686592 30.77940334
1e-12 0.2 5.300000000000001 0.0 0.01 776 0.203389138 7.98476601 2761.1688267 28.658887498 30.81181874
1e-12 0.2 5.3500000000000005 0.0 0.01 776 0.203389138 7.98476601 2761.1688267 28.656084513 30.84427011
1e-12 0.2 5.4 0.0 0.01 776 0.203389138 7.98476601 2761.1688267 28.653277921 30.87677208
1e-12 0.2 5.45 0.0 0.01 776 0.203389138 7.98476601 2761.1688267 28.650809182 30.90681665
1e-12 0.2 5.5 0.0 0.01 776 0.203389138 7.98476601 2761.1688267 28.649330334 30.92966219
1e-12 0.4 0.5 0.0 0.01 776 0.203389138 7.98476601 2761.1688267 31.632414006 24.289747777
1e-12 0.4 0.55 0.0 0.01 776 0.203389138 7.98476601 2761.1688267 31.29430873 24.515545417
1e-12 0.4 0.6 0.0 0.01 776 0.203389138 7.98476601 2761.1688267 30.995596548 24.720441314
1e-12 0.4 0.65 0.0 0.01 776 0.203389138 7.98476601 2761.1688267 30.712696015 24.914487704
1e-12 0.4 0.7 0.0 0.01 776 0.203389138 7.98476601 2761.1688267 30.450374016 25.097941518
1e-12 0.4 0.75 0.0 0.01 776 0.203389138 7.98476601 2761.1688267 30.202574005 25.279440604
1e-12 0.4 0.8 0.0 0.01 776 0.203389138 7.98476601 2761.1688267 29.949089468 25.465104787
1e-12 0.4 0.8500000000000001 0.0 0.01 776 0.203389138 7.98476601 2761.1688267 29.689722153 25.655074649
1e-12 0.4 0.9 0.0 0.01 776 0.203389138 7.98476601 2761.1688267 29.510644323 25.796625261
1e-12 0.4 0.95 0.0 0.01 776 0.203389138 7.98476601 2761.1688267 29.345906983 25.931858519
1e-12 0.4 1.0 0.0 0.01 776 0.203389138 7.98476601 2761.1688267 29.166633433 26.079025405
1e-12 0.4 1.05 0.0 0.01 776 0.203389138 7.98476601 2761.1688267 28.97081075 26.239781581
1e-12 0.4 1.1 0.0 0.01 776 0.203389138 7.98476601 2761.1688267 28.813236829 26.383805317
1e-12 0.4 1.15 0.0 0.01 776 0.203389138 7.98476601 2761.1688267 28.778468304 26.463475226
1e-12 0.4 1.2000000000000002 0.0 0.01 776 0.203389138 7.98476601 2761.1688267 28.740634216 26.550160783
1e-12 0.4 1.25 0.0 0.01 776 0.203389138 7.98476601 2761.1688267 28.69931032 26.644849317
1e-12 0.4 1.3 0.0 0.01 776 0.203389138 7.98476601 2761.1688267 28.653990521 26.748692843
1e-12 0.4 1.35 0.0 0.01 776 0.203389138 7.98476601 2761.1688267 28.604065696 26.863086462
1e-12 0.4 1.4 0.0 0.01 776 0.203389138 7.98476601 2761.1688267 28.595312035 26.948670618
1e-12 0.4 1.4500000000000002 0.0 0.01 776 0.203389138 7.98476601 2761.1688267 28.607490839 27.019852902
1e-12 0.4 1.5 0.0 0.01 776 0.203389138 7.98476601 2761.1688267 28.620191231 27.094082535
1e-12 0.4 1.55 0.0 0.01 776 0.203389138 7.98476601 2761.1688267 28.633447194 27.171550651
1e-12 0.4 1.6 0.0 0.01 776 0.203389138 7.98476601 2761.1688267 28.647296152 27.252489807
1e-12 0.4 1.6500000000000001 0.0 0.01 776 0.203389138 7.98476601 2761.1688267 28.661778708 27.337131776
1e-12 0.4 1.7000000000000002 0.0 0.01 776 0.203389138 7.98476601 2761.1688267 28.676939366 27.425739592
1e-12 0.4 1.75 0.0 0.01 776 0.203389138 7.98476601 2761.1688267 28.685905585 27.502573409
1e-12 0.4 1.8 0.0 0.01 776 0.203389138 7.98476601 2761.1688267 28.690687058 27.570910846
1e-12 0.4 1.85 0.0 0.01 776 0.203389138 7.98476601 2761.1688267 28.695538765 27.640241707
1e-12 0.4 1.9000000000000001 0.0 0.01 776 0.203389138 7.98476601 2761.1688267 28.700462196 27.710599759
1e-12 0.4 1.9500000000000002 0.0 0.01 776 0.203389138 7.98476601 2761.1688267 28.705458954 27.782005267
1e-12 0.4 2.0 0.0 0.01 776 0.203389138 7.98476601 2761.1688267 28.710530779 27.854488899
1e-12 0.4 2.05 0.0 0.01 776 0.203389138 7.98476601 2761.1688267 28.715679418 27.928066668
1e-12 0.4 2.1 0.0 0.01 776 0.203389138 7.98476601 2761.1688267 28.720906257 28.002763295
1e-12 0.4 2.1500000000000004 0.0 0.01 776 0.203389138 7.98476601 2761.1688267 28.726213485 28.078615556
1e-12 0.4 2.2 0.0 0.01 776 0.203389138 7.98476601 2761.1688267 28.726292791 28.144516547
1e-12 0.4 2.25 0.0 0.01 776 0.203389138 7.98476601 2761.1688267 28.724186819 28.206278637
1e-12 0.4 2.3 0.0 0.01 776 0.203389138 7.98476601 2761.1688267 28.722069915 28.268373198
1e-12 0.4 2.35 0.0 0.01 776 0.203389138 7.98476601 2761.1688267 28.719941713 28.330791615
1e-12 0.4 2.4000000000000004 0.0 0.01 776 0.203389138 7.98476601 2761.1688267 28.717802398 28.393538892
1e-12 0.4 2.45 0.0 0.01 776 0.203389138 7.98476601 2761.1688267 28.715651554 28.456629871
1e-12 0.4 2.5 0.0 0.01 776 0.203389138 7.98476601 2761.1688267 28.713489436 28.520047467
1e-12 0.4 2.5500000000000003 0.0 0.01 776 0.203389138 7.98476601 2761.1688267 28.711315719 28.583806635
1e-12 0.4 2.6 0.0 0.01 776 0.203389138 7.98476601 2761.1688267 28.709130434 28.647903759
1e-12 0.4 2.65 0.0 0.01 776 0.203389138 7.98476601 2761.1688267 28.706933403 28.712341689
1e-12 0.4 2.7 0.0 0.01 776 0.203389138 7.98476601 2761.1688267 28.704724572 28.777132656
1e-12 0.4 2.75 0.0 0.01 776 0.203389138 7.98476601 2761.1688267 28.701998748 28.835219261
1e-12 0.4 2.8000000000000003 0.0 0.01 776 0.203389138 7.98476601 2761.1688267 28.698755637 28.886424662
1e-12 0.4 2.85 0.0 0.01 776 0.203389138 7.98476601 2761.1688267 28.695503456 28.937777033
1e-12 0.4 2.9000000000000004 0.0 0.01 776 0.203389138 7.98476601 2761.1688267 28.692241772 28.989274646
1e-12 0.4 2.95 0.0 0.01 776 0.203389138 7.98476601 2761.1688267 28.688970896 29.040923935
1e-12 0.4 3.0 0.0 0.01 776 0.203389138 7.98476601 2761.1688267 28.685690616 29.092720028
1e-12 0.4 3.0500000000000003 0.0 0.01 776 0.203389138 7.98476601 2761.1688267 28.682400927 29.14465527
1e-12 0.4 3.1 0.0 0.01 776 0.203389138 7.98476601 2761.1688267 28.67910181 29.196757528
1e-12 0.4 3.1500000000000004 0.0 0.01 776 0.203389138 7.98476601 2761.1688267 28.675792975 29.24899455
1e-12 0.4 3.2 0.0 0.01 776 0.203389138 7.98476601 2761.1688267 28.672474831 29.30138498
1e-12 0.4 3.25 0.0 0.01 776 0.203389138 7.98476601 2761.1688267 28.669147044 29.35393016
1e-12 0.4 3.3000000000000003 0.0 0.01 776 0.203389138 7.98476601 2761.1688267 28.665809692 29.406622867
1e-12 0.4 3.35 0.0 0.01 776 0.203389138 7.98476601 2761.1688267 28.662462595 29.459478085
1e-12 0.4 3.4000000000000004 0.0 0.01 776 0.203389138 7.98476601 2761.1688267 28.659105872 29.512480106
1e-12 0.4 3.45 0.0 0.01 776 0.203389138 7.98476601 2761.1688267 28.656523053 29.561319851
1e-12 0.4 3.5 0.0 0.01 776 0.203389138 7.98476601 2761.1688267 28.655175478 29.603434896
1e-12 0.4 3.5500000000000003 0.0 0.01 776 0.203389138 7.98476601 2761.1688267 28.653825001 29.645662806
1e-12 0.4 3.6 0.0 0.01 776 0.203389138 7.98476601 2761.1688267 28.652471174 29.687985858
1e-12 0.4 3.6500000000000004 0.0 0.01 776 0.203389138 7.98476601 2761.1688267 28.651114422 29.730400739
1e-12 0.4 3.7 0.0 0.01 776 0.203389138 7.98476601 2761.1688267 28.649754493 29.772913737
1e-12 0.4 3.75 0.0 0.01 776 0.203389138 7.98476601 2761.1688267 28.648391274 29.815537944
1e-12 0.4 3.8000000000000003 0.0 0.01 776 0.203389138 7.98476601 2761.1688267 28.647024906 29.858256578
1e-12 0.4 3.85 0.0 0.01 776 0.203389138 7.98476601 2761.1688267 28.645655307 29.901071704
1e-12 0.4 3.9000000000000004 0.0 0.01 776 0.203389138 7.98476601 2761.1688267 28.644282537 29.943989858
1e-12 0.4 3.95 0.0 0.01 776 0.203389138 7.98476601 2761.1688267 28.642906566 29.987010927
1e-12 0.4 4.0 0.0 0.01 776 0.203389138 7.98476601 2761.1688267 28.641527318 30.030125816
1e-12 0.4 4.050000000000001 0.0 0.01 776 0.203389138 7.98476601 2761.1688267 28.640144778 30.073350811
1e-12 0.4 4.1 0.0 0.01 776 0.203389138 7.98476601 2761.1688267 28.638758984 30.116663615
1e-12 0.4 4.15 0.0 0.01 776 0.203389138 7.98476601 2761.1688267 28.637370011 30.160093491
1e-12 0.4 4.2 0.0 0.01 776 0.203389138 7.98476601 2761.1688267 28.635977804 30.203620747
1e-12 0.4 4.25 0.0 0.01 776 0.203389138 7.98476601 2761.1688267 28.634582148 30.247247845
1e-12 0.4 4.300000000000001 0.0 0.01 776 0.203389138 7.98476601 2761.1688267 28.633183357 30.290987985
1e-12 0.4 4.35 0.0 0.01 776 0.203389138 7.98476601 2761.1688267 28.631869354 30.326931793
1e-12 0.4 4.4 0.0 0.01 776 0.203389138 7.98476601 2761.1688267 28.630606388 30.358145733
1e-12 0.4 4.45 0.0 0.01 776 0.203389138 7.98476601 2761.1688267 28.629340577 30.389419693
1e-12 0.4 4.5 0.0 0.01 776 0.203389138 7.98476601 2761.1688267 28.628071926 30.420774757
1e-12 0.4 4.55 0.0 0.01 776 0.203389138 7.98476601 2761.1688267 28.626800556 30.452206102
1e-12 0.4 4.6000000000000005 0.0 0.01 776 0.203389138 7.98476601 2761.1688267 28.625526412 30.483689433
1e-12 0.4 4.65 0.0 0.01 776 0.203389138 7.98476601 2761.1688267 28.624249515 30.51525165
1e-12 0.4 4.7 0.0 0.01 776 0.203389138 7.98476601 2761.1688267 28.6229696 30.54688461
1e-12 0.4 4.75 0.0 0.01 776 0.203389138 7.98476601 2761.1688267 28.621687064 30.57858951
1e-12 0.4 4.8 0.0 0.01 776 0.203389138 7.98476601 2761.1688267 28.620401535 30.61035759
1e-12 0.4 4.8500000000000005 0.0 0.01 776 0.203389138 7.98476601 2761.1688267 28.619113226 30.64219011
1e-12 0.4 4.9 0.0 0.01 776 0.203389138 7.98476601 2761.1688267 28.617822043 30.67410085
1e-12 0.4 4.95 0.0 0.01 776 0.203389138 7.98476601 2761.1688267 28.61652798 30.70608126
1e-12 0.4 5.0 0.0 0.01 776 0.203389138 7.98476601 2761.1688267 28.61523107 30.73814586
1e-12 0.4 5.05 0.0 0.01 776 0.203389138 7.98476601 2761.1688267 28.613931314 30.77025828
1e-12 0.4 5.1000000000000005 0.0 0.01 776 0.203389138 7.98476601 2761.1688267 28.612628415 30.80244983
1e-12 0.4 5.15 0.0 0.01 776 0.203389138 7.98476601 2761.1688267 28.611322923 30.83472503
1e-12 0.4 5.2 0.0 0.01 776 0.203389138 7.98476601 2761.1688267 28.610014453 30.86706975
1e-12 0.4 5.25 0.0 0.01 776 0.203389138 7.98476601 2761.1688267 28.608703023 30.8994816
1e-12 0.4 5.300000000000001 0.0 0.01 776 0.203389138 7.98476601 2761.1688267 28.607388715 30.93196432
1e-12 0.4 5.3500000000000005 0.0 0.01 776 0.203389138 7.98476601 2761.1688267 28.606071276 30.96451592
1e-12 0.4 5.4 0.0 0.01 776 0.203389138 7.98476601 2761.1688267 28.604750958 30.99715389
1e-12 0.4 5.45 0.0 0.01 776 0.203389138 7.98476601 2761.1688267 28.603595053 31.02725001
1e-12 0.4 5.5 0.0 0.01 776 0.203389138 7.98476601 2761.1688267 28.602923339 31.04981046
1e-12 0.6000000000000001 0.5 0.0 0.01 776 0.203389138 7.98476601 2761.1688267 31.345153644 24.343826341
1e-12 0.6000000000000001 0.55 0.0 0.01 776 0.203389138 7.98476601 2761.1688267 31.024746428 24.575072762
1e-12 0.6000000000000001 0.6 0.0 0.01 776 0.203389138 7.98476601 2761.1688267 30.737849112 24.782058485
1e-12 0.6000000000000001 0.65 0.0 0.01 776 0.203389138 7.98476601 2761.1688267 30.464425968 24.979320152
1e-12 0.6000000000000001 0.7 0.0 0.01 776 0.203389138 7.98476601 2761.1688267 30.207134023 25.166500103
1e-12 0.6000000000000001 0.75 0.0 0.01 776 0.203389138 7.98476601 2761.1688267 29.956802499 25.352201352
1e-12 0.6000000000000001 0.8 0.0 0.01 776 0.203389138 7.98476601 2761.1688267 29.698261427 25.543999759
1e-12 0.6000000000000001 0.8500000000000001 0.0 0.01 776 0.203389138 7.98476601 2761.1688267 29.431100206 25.742190821
1e-12 0.6000000000000001 0.9 0.0 0.01 776 0.203389138 7.98476601 2761.1688267 29.242124734 25.888905994
1e-12 0.6000000000000001 0.95 0.0 0.01 776 0.203389138 7.98476601 2761.1688267 29.064314412 26.030108776
1e-12 0.6000000000000001 1.0 0.0 0.01 776 0.203389138 7.98476601 2761.1688267 28.867645957 26.186285308
1e-12 0.6000000000000001 1.05 0.0 0.01 776 0.203389138 7.98476601 2761.1688267 28.648951273 26.359955402
1e-12 0.6000000000000001 1.1 0.0 0.01 776 0.203389138 7.98476601 2761.1688267 28.469593629 26.51603534
1e-12 0.6000000000000001 1.15 0.0 0.01 776 0.203389138 7.98476601 2761.1688267 28.428039901 26.597160464
1e-12 0.6000000000000001 1.2000000000000002 0.0 0.01 776 0.203389138 7.98476601 2761.1688267 28.381931364 26.687184549
1e-12 0.6000000000000001 1.25 0.0 0.01 776 0.203389138 7.98476601 2761.1688267 28.330475501 26.787648257
1e-12 0.6000000000000001 1.3 0.0 0.01 776 0.203389138 7.98476601 2761.1688267 28.27268497 26.900479466
1e-12 0.6000000000000001 1.35 0.0 0.01 776 0.203389138 7.98476601 2761.1688267 28.20731346 27.028117788
1e-12 0.6000000000000001 1.4 0.0 0.01 776 0.203389138 7.98476601 2761.1688267 28.197321235 27.116704841
1e-12 0.6000000000000001 1.4500000000000002 0.0 0.01 776 0.203389138 7.98476601 2761.1688267 28.216357503 27.18532033
1e-12 0.6000000000000001 1.5 0.0 0.01 776 0.203389138 7.98476601 2761.1688267 28.236520371 27.25799062
1e-12 0.6000000000000001 1.55 0.0 0.01 776 0.203389138 7.98476601 2761.1688267 28.257912694 27.335095649
1e-12 0.6000000000000001 1.6 0.0 0.01 776 0.203389138 7.98476601 2761.1688267 28.280650465 27.417047277
1e-12 0.6000000000000001 1.6500000000000001 0.0 0.01 776 0.203389138 7.98476601 2761.1688267 28.304865022 27.504323943
1e-12 0.6000000000000001 1.7000000000000002 0.0 0.01 776 0.203389138 7.98476601 2761.1688267 28.330704747 27.597456604
1e-12 0.6000000000000001 1.75 0.0 0.01 776 0.203389138 7.98476601 2761.1688267 28.350203406 27.673999315
1e-12 0.6000000000000001 1.8 0.0 0.01 776 0.203389138 7.98476601 2761.1688267 28.365186873 27.738425322
1e-12 0.6000000000000001 1.85 0.0 0.01 776 0.203389138 7.98476601 2761.1688267 28.380523038 27.804370772
1e-12 0.6000000000000001 1.9000000000000001 0.0 0.01 776 0.203389138 7.98476601 2761.1688267 28.396224534 27.871880154
1e-12 0.6000000000000001 1.9500000000000002 0.0 0.01 776 0.203389138 7.98476601 2761.1688267 28.412304811 27.941023655
1e-12 0.6000000000000001 2.0 0.0 0.01 776 0.203389138 7.98476601 2761.1688267 28.428777225 28.011849266
1e-12 0.6000000000000001 2.05 0.0 0.01 776 0.203389138 7.98476601 2761.1688267 28.44565662 28.084436642
1e-12 0.6000000000000001 2.1 0.0 0.01 776 0.203389138 7.98476601 2761.1688267 28.462958312 28.158829906
1e-12 0.6000000000000001 2.1500000000000004 0.0 0.01 776 0.203389138 7.98476601 2761.1688267 28.480698288 28.235101905
1e-12 0.6000000000000001 2.2 0.0 0.01 776 0.203389138 7.98476601 2761.1688267 28.489088919 28.298904
1e-12 0.6000000000000001 2.25 0.0 0.01 776 0.203389138 7.98476601 2761.1688267 28.493544342 28.357526721
1e-12 0.6000000000000001 2.3 0.0 0.01 776 0.203389138 7.98476601 2761.1688267 28.498043264 28.416719993
1e-12 0.6000000000000001 2.35 0.0 0.01 776 0.203389138 7.98476601 2761.1688267 28.50258627 28.476497348
1e-12 0.6000000000000001 2.4000000000000004 0.0 0.01 776 0.203389138 7.98476601 2761.1688267 28.507173899 28.536848475
1e-12 0.6000000000000001 2.45 0.0 0.01 776 0.203389138 7.98476601 2761.1688267 28.511806997 28.59780772
1e-12 0.6000000000000001 2.5 0.0 0.01 776 0.203389138 7.98476601 2761.1688267 28.516486118 28.659380109
1e-12 0.6000000000000001 2.5500000000000003 0.0 0.01 776 0.203389138 7.98476601 2761.1688267 28.521211999 28.721562402
1e-12 0.6000000000000001 2.6 0.0 0.01 776 0.203389138 7.98476601 2761.1688267 28.525985293 28.78435776
1e-12 0.6000000000000001 2.65 0.0 0.01 776 0.203389138 7.98476601 2761.1688267 28.530806754 28.847797486
1e-12 0.6000000000000001 2.7 0.0 0.01 776 0.203389138 7.98476601 2761.1688267 28.535677263 28.911884412
1e-12 0.6000000000000001 2.75 0.0 0.01 776 0.203389138 7.98476601 2761.1688267 28.538387981 28.968782408
1e-12 0.6000000000000001 2.8000000000000003 0.0 0.01 776 0.203389138 7.98476601 2761.1688267 28.538893922 29.018169231
1e-12 0.6000000000000001 2.85 0.0 0.01 776 0.203389138 7.98476601 2761.1688267 28.539402732 29.067818972
1e-12 0.6000000000000001 2.9000000000000004 0.0 0.01 776 0.203389138 7.98476601 2761.1688267 28.539914062 29.117731349
1e-12 0.6000000000000001 2.95 0.0 0.01 776 0.203389138 7.98476601 2761.1688267 28.54042812 29.167909785
1e-12 0.6000000000000001 3.0 0.0 0.01 776 0.203389138 7.98476601 2761.1688267 28.540944877 29.218342625
1e-12 0.6000000000000001 3.0500000000000003 0.0 0.01 776 0.203389138 7.98476601 2761.1688267 28.541464415 29.269061941
1e-12 0.6000000000000001 3.1 0.0 0.01 776 0.203389138 7.98476601 2761.1688267 28.541986733 29.320040292
1e-12 0.6000000000000001 3.1500000000000004 0.0 0.01 776 0.203389138 7.98476601 2761.1688267 28.542511851 29.371291232
1e-12 0.6000000000000001 3.2 0.0 0.01 776 0.203389138 7.98476601 2761.1688267 28.543039869 29.422827372
1e-12 0.6000000000000001 3.25 0.0 0.01 776 0.203389138 7.98476601 2761.1688267 28.543570589 29.474635237
1e-12 0.6000000000000001 3.3000000000000003 0.0 0.01 776 0.203389138 7.98476601 2761.1688267 28.544104312 29.526713686
1e-12 0.6000000000000001 3.35 0.0 0.01 776 0.203389138 7.98476601 2761.1688267 28.544640925 29.579078686
1e-12 0.6000000000000001 3.4000000000000004 0.0 0.01 776 0.203389138 7.98476601 2761.1688267 28.545180244 29.631727695
1e-12 0.6000000000000001 3.45 0.0 0.01 776 0.203389138 7.98476601 2761.1688267 28.545817791 29.680075456
1e-12 0.6000000000000001 3.5 0.0 0.01 776 0.203389138 7.98476601 2761.1688267 28.546608787 29.721334678
1e-12 0.6000000000000001 3.5500000000000003 0.0 0.01 776 0.203389138 7.98476601 2761.1688267 28.547402474 29.762744241
1e-12 0.6000000000000001 3.6 0.0 0.01 776 0.203389138 7.98476601 2761.1688267 28.548199339 29.804307783
1e-12 0.6000000000000001 3.6500000000000004 0.0 0.01 776 0.203389138 7.98476601 2761.1688267 28.54899915 29.846039274
1e-12 0.6000000000000001 3.7 0.0 0.01 776 0.203389138 7.98476601 2761.1688267 28.549801813 29.887911614
1e-12 0.6000000000000001 3.75 0.0 0.01 776 0.203389138 7.98476601 2761.1688267 28.550607614 29.929945276
1e-12 0.6000000000000001 3.8000000000000003 0.0 0.01 776 0.203389138 7.98476601 2761.1688267 28.551416408 29.97213604
1e-12 0.6000000000000001 3.85 0.0 0.01 776 0.203389138 7.98476601 2761.1688267 28.552228161 30.014480968
1e-12 0.6000000000000001 3.9000000000000004 0.0 0.01 776 0.203389138 7.98476601 2761.1688267 28.553042947 30.056988366
1e-12 0.6000000000000001 3.95 0.0 0.01 776 0.203389138 7.98476601 2761.1688267 28.553860871 30.099662274
1e-12 0.6000000000000001 4.0 0.0 0.01 776 0.203389138 7.98476601 2761.1688267 28.554681876 30.142477446
1e-12 0.6000000000000001 4.050000000000001 0.0 0.01 776 0.203389138 7.98476601 2761.1688267 28.55550592 30.185465033
1e-12 0.6000000000000001 4.1 0.0 0.01 776 0.203389138 7.98476601 2761.1688267 28.556333143 30.228622986
1e-12 0.6000000000000001 4.15 0.0 0.01 776 0.203389138 7.98476601 2761.1688267 28.557163559 30.271941124
1e-12 0.6000000000000001 4.2 0.0 0.01 776 0.203389138 7.98476601 2761.1688267 28.557996943 30.315414801
1e-12 0.6000000000000001 4.25 0.0 0.01 776 0.203389138 7.98476601 2761.1688267 28.558833455 30.359062287
1e-12 0.6000000000000001 4.300000000000001 0.0 0.01 776 0.203389138 7.98476601 2761.1688267 28.559673395 30.402874931
1e-12 0.6000000000000001 4.35 0.0 0.01 776 0.203389138 7.98476601 2761.1688267 28.559995661 30.438669543
1e-12 0.6000000000000001 4.4 0.0 0.01 776 0.203389138 7.98476601 2761.1688267 28.560001246 30.469579132
1e-12 0.6000000000000001 4.45 0.0 0.01 776 0.203389138 7.98476601 2761.1688267 28.560007037 30.50057887
1e-12 0.6000000000000001 4.5 0.0 0.01 776 0.203389138 7.98476601 2761.1688267 28.560012719 30.531675836
1e-12 0.6000000000000001 4.55 0.0 0.01 776 0.203389138 7.98476601 2761.1688267 28.560018491 30.56287214
1e-12 0.6000000000000001 4.6000000000000005 0.0 0.01 776 0.203389138 7.98476601 2761.1688267 28.560024345 30.59414953
1e-12 0.6000000000000001 4.65 0.0 0.01 776 0.203389138 7.98476601 2761.1688267 28.560030119 30.62553509
1e-12 0.6000000000000001 4.7 0.0 0.01 776 0.203389138 7.98476601 2761.1688267 28.560035899 30.65700149
1e-12 0.6000000000000001 4.75 0.0 0.01 776 0.203389138 7.98476601 2761.1688267 28.560041586 30.6885755
1e-12 0.6000000000000001 4.8 0.0 0.01 776 0.203389138 7.98476601 2761.1688267 28.56004755 30.72024236
1e-12 0.6000000000000001 4.8500000000000005 0.0 0.01 776 0.203389138 7.98476601 2761.1688267 28.560053422 30.75200885
1e-12 0.6000000000000001 4.9 0.0 0.01 776 0.203389138 7.98476601 2761.1688267 28.560059193 30.78386438
1e-12 0.6000000000000001 4.95 0.0 0.01 776 0.203389138 7.98476601 2761.1688267 28.560065056 30.81582366
1e-12 0.6000000000000001 5.0 0.0 0.01 776 0.203389138 7.98476601 2761.1688267 28.560070983 30.84787028
1e-12 0.6000000000000001 5.05 0.0 0.01 776 0.203389138 7.98476601 2761.1688267 28.560077008 30.88002231
1e-12 0.6000000000000001 5.1000000000000005 0.0 0.01 776 0.203389138 7.98476601 2761.1688267 28.5600829 30.91226858
1e-12 0.6000000000000001 5.15 0.0 0.01 776 0.203389138 7.98476601 2761.1688267 28.560088815 30.94462179
1e-12 0.6000000000000001 5.2 0.0 0.01 776 0.203389138 7.98476601 2761.1688267 28.560094766 30.97707182
1e-12 0.6000000000000001 5.25 0.0 0.01 776 0.203389138 7.98476601 2761.1688267 28.56010075 31.00961992
1e-12 0.6000000000000001 5.300000000000001 0.0 0.01 776 0.203389138 7.98476601 2761.1688267 28.560106779 31.04226403
1e-12 0.6000000000000001 5.3500000000000005 0.0 0.01 776 0.203389138 7.98476601 2761.1688267 28.560112804 31.07501662
1e-12 0.6000000000000001 5.4 0.0 0.01 776 0.203389138 7.98476601 2761.1688267 28.560118815 31.10786299
1e-12 0.6000000000000001 5.45 0.0 0.01 776 0.203389138 7.98476601 2761.1688267 28.560136174 31.13809779
1e-12 0.6000000000000001 5.5 0.0 0.01 776 0.203389138 7.98476601 2761.1688267 28.560186605 31.16047046
1e-12 0.8 0.5 0.0 0.01 776 0.203389138 7.98476601 2761.1688267 31.186105517 24.373768254
1e-12 0.8 0.55 0.0 0.01 776 0.203389138 7.98476601 2761.1688267 30.874830395 24.608182136
1e-12 0.8 0.6 0.0 0.01 776 0.203389138 7.98476601 2761.1688267 30.593782747 24.816501701
1e-12 0.8 0.65 0.0 0.01 776 0.203389138 7.98476601 2761.1688267 30.324992869 25.0157371
1e-12 0.8 0.7 0.0 0.01 776 0.203389138 7.98476601 2761.1688267 30.069784363 25.205204479
1e-12 0.8 0.75 0.0 0.01 776 0.203389138 7.98476601 2761.1688267 29.816991728 25.393594531
1e-12 0.8 0.8 0.0 0.01 776 0.203389138 7.98476601 2761.1688267 29.55448078 25.589219371
1e-12 0.8 0.8500000000000001 0.0 0.01 776 0.203389138 7.98476601 2761.1688267 29.281680134 25.792519845
1e-12 0.8 0.9 0.0 0.01 776 0.203389138 7.98476601 2761.1688267 29.085341261 25.942798676
1e-12 0.8 0.95 0.0 0.01 776 0.203389138 7.98476601 2761.1688267 28.897864214 26.088188847
1e-12 0.8 1.0 0.0 0.01 776 0.203389138 7.98476601 2761.1688267 28.688501941 26.250552417
1e-12 0.8 1.05 0.0 0.01 776 0.203389138 7.98476601 2761.1688267 28.4531855 26.43304924
1e-12 0.8 1.1 0.0 0.01 776 0.203389138 7.98476601 2761.1688267 28.257259202 26.597736238
1e-12 0.8 1.15 0.0 0.01 776 0.203389138 7.98476601 2761.1688267 28.208221642 26.681025415
1e-12 0.8 1.2000000000000002 0.0 0.01 776 0.203389138 7.98476601 2761.1688267 28.153138644 26.774584798
1e-12 0.8 1.25 0.0 0.01 776 0.203389138 7.98476601 2761.1688267 28.090818265 26.880437696
1e-12 0.8 1.3 0.0 0.01 776 0.203389138 7.98476601 2761.1688267 28.019733885 27.001176146
1e-12 0.8 1.35 0.0 0.01 776 0.203389138 7.98476601 2761.1688267 27.937897124 27.140174578
1e-12 0.8 1.4 0.0 0.01 776 0.203389138 7.98476601 2761.1688267 27.922593737 27.232700242
1e-12 0.8 1.4500000000000002 0.0 0.01 776 0.203389138 7.98476601 2761.1688267 27.942867867 27.301016183
1e-12 0.8 1.5 0.0 0.01 776 0.203389138 7.98476601 2761.1688267 27.964576745 27.374172462
1e-12 0.8 1.55 0.0 0.01 776 0.203389138 7.98476601 2761.1688267 27.987878451 27.452698242
1e-12 0.8 1.6 0.0 0.01 776 0.203389138 7.98476601 2761.1688267 28.012954966 27.537191641
1e-12 0.8 1.6500000000000001 0.0 0.01 776 0.203389138 7.98476601 2761.1688267 28.040017004 27.628382116
1e-12 0.8 1.7000000000000002 0.0 0.01 776 0.203389138 7.98476601 2761.1688267 28.069309971 27.72709942
1e-12 0.8 1.75 0.0 0.01 776 0.203389138 7.98476601 2761.1688267 28.093810772 27.804918124
1e-12 0.8 1.8 0.0 0.01 776 0.203389138 7.98476601 2761.1688267 28.114687589 27.867343276
1e-12 0.8 1.85 0.0 0.01 776 0.203389138 7.98476601 2761.1688267 28.136199382 27.931661036
1e-12 0.8 1.9000000000000001 0.0 0.01 776 0.203389138 7.98476601 2761.1688267 28.158375537 27.997968223
1e-12 0.8 1.9500000000000002 0.0 0.01 776 0.203389138 7.98476601 2761.1688267 28.181247423 28.066353579
1e-12 0.8 2.0 0.0 0.01 776 0.203389138 7.98476601 2761.1688267 28.204848007 28.136915729
1e-12 0.8 2.05 0.0 0.01 776 0.203389138 7.98476601 2761.1688267 28.229212869 28.20976481
1e-12 0.8 2.1 0.0 0.01 776 0.203389138 7.98476601 2761.1688267 28.254379889 28.285012616
1e-12 0.8 2.1500000000000004 0.0 0.01 776 0.203389138 7.98476601 2761.1688267 28.280389051 28.362783212
1e-12 0.8 2.2 0.0 0.01 776 0.203389138 7.98476601 2761.1688267 28.294495258 28.4255586
1e-12 0.8 2.25 0.0 0.01 776 0.203389138 7.98476601 2761.1688267 28.303567245 28.482100726
1e-12 0.8 2.3 0.0 0.01 776 0.203389138 7.98476601 2761.1688267 28.312761326 28.5394108
1e-12 0.8 2.35 0.0 0.01 776 0.203389138 7.98476601 2761.1688267 28.322080032 28.597493251
1e-12 0.8 2.4000000000000004 0.0 0.01 776 0.203389138 7.98476601 2761.1688267 28.331525717 28.656355059
1e-12 0.8 2.45 0.0 0.01 776 0.203389138 7.98476601 2761.1688267 28.341101121 28.716040348
1e-12 0.8 2.5 0.0 0.01 776 0.203389138 7.98476601 2761.1688267 28.35080912 28.776551072
1e-12 0.8 2.5500000000000003 0.0 0.01 776 0.203389138 7.98476601 2761.1688267 28.360652231 28.837899987
1e-12 0.8 2.6 0.0 0.01 776 0.203389138 7.98476601 2761.1688267 28.370633387 28.900113196
1e-12 0.8 2.65 0.0 0.01 776 0.203389138 7.98476601 2761.1688267 28.3807555 28.96319823
1e-12 0.8 2.7 0.0 0.01 776 0.203389138 7.98476601 2761.1688267 28.391021663 29.027185988
1e-12 0.8 2.75 0.0 0.01 776 0.203389138 7.98476601 2761.1688267 28.397917269 29.083451071
1e-12 0.8 2.8000000000000003 0.0 0.01 776 0.203389138 7.98476601 2761.1688267 28.401335381 29.131533739
1e-12 0.8 2.85 0.0 0.01 776 0.203389138 7.98476601 2761.1688267 28.404778706 29.179969212
1e-12 0.8 2.9000000000000004 0.0 0.01 776 0.203389138 7.98476601 2761.1688267 28.408247441 29.228757161
1e-12 0.8 2.95 0.0 0.01 776 0.203389138 7.98476601 2761.1688267 28.411741801 29.277906617
1e-12 0.8 3.0 0.0 0.01 776 0.203389138 7.98476601 2761.1688267 28.415262174 29.327425855
1e-12 0.8 3.0500000000000003 0.0 0.01 776 0.203389138 7.98476601 2761.1688267 28.418808783 29.37732507
1e-12 0.8 3.1 0.0 0.01 776 0.203389138 7.98476601 2761.1688267 28.422381949 29.427586265
1e-12 0.8 3.1500000000000004 0.0 0.01 776 0.203389138 7.98476601 2761.1688267 28.425981997 29.478223758
1e-12 0.8 3.2 0.0 0.01 776 0.203389138 7.98476601 2761.1688267 28.429609238 29.529238248
1e-12 0.8 3.25 0.0 0.01 776 0.203389138 7.98476601 2761.1688267 28.433263908 29.58064623
1e-12 0.8 3.3000000000000003 0.0 0.01 776 0.203389138 7.98476601 2761.1688267 28.436946293 29.632455414
1e-12 0.8 3.35 0.0 0.01 776 0.203389138 7.98476601 2761.1688267 28.440656994 29.684640243
1e-12 0.8 3.4000000000000004 0.0 0.01 776 0.203389138 7.98476601 2761.1688267 28.444396021 29.737240233
1e-12 0.8 3.45 0.0 0.01 776 0.203389138 7.98476601 2761.1688267 28.44768986 29.785351357
1e-12 0.8 3.5 0.0 0.01 776 0.203389138 7.98476601 2761.1688267 28.450251423 29.825972398
1e-12 0.8 3.5500000000000003 0.0 0.01 776 0.203389138 7.98476601 2761.1688267 28.452825535 29.866804334
1e-12 0.8 3.6 0.0 0.01 776 0.203389138 7.98476601 2761.1688267 28.455412446 29.907833008
1e-12 0.8 3.6500000000000004 0.0 0.01 776 0.203389138 7.98476601 2761.1688267 28.458012045 29.949068439
1e-12 0.8 3.7 0.0 0.01 776 0.203389138 7.98476601 2761.1688267 28.460624676 29.990506886
1e-12 0.8 3.75 0.0 0.01 776 0.203389138 7.98476601 2761.1688267 28.463250199 30.032151776
1e-12 0.8 3.8000000000000003 0.0 0.01 776 0.203389138 7.98476601 2761.1688267 28.465888923 30.074006361
1e-12 0.8 3.85 0.0 0.01 776 0.203389138 7.98476601 2761.1688267 28.468540811 30.116073389
1e-12 0.8 3.9000000000000004 0.0 0.01 776 0.203389138 7.98476601 2761.1688267 28.471206161 30.158347083
1e-12 0.8 3.95 0.0 0.01 776 0.203389138 7.98476601 2761.1688267 28.473884686 30.20082884
1e-12 0.8 4.0 0.0 0.01 776 0.203389138 7.98476601 2761.1688267 28.476576887 30.243527984
1e-12 0.8 4.050000000000001 0.0 0.01 776 0.203389138 7.98476601 2761.1688267 28.479282657 30.286440395
1e-12 0.8 4.1 0.0 0.01 776 0.203389138 7.98476601 2761.1688267 28.482002174 30.329584496
1e-12 0.8 4.15 0.0 0.01 776 0.203389138 7.98476601 2761.1688267 28.484735401 30.372935948
1e-12 0.8 4.2 0.0 0.01 776 0.203389138 7.98476601 2761.1688267 28.487482724 30.41651338
1e-12 0.8 4.25 0.0 0.01 776 0.203389138 7.98476601 2761.1688267 28.490243815 30.460305301
1e-12 0.8 4.300000000000001 0.0 0.01 776 0.203389138 7.98476601 2761.1688267 28.493019365 30.504329215
1e-12 0.8 4.35 0.0 0.01 776 0.203389138 7.98476601 2761.1688267 28.494759938 30.540075259
1e-12 0.8 4.4 0.0 0.01 776 0.203389138 7.98476601 2761.1688267 28.495868081 30.57079067
1e-12 0.8 4.45 0.0 0.01 776 0.203389138 7.98476601 2761.1688267 28.496980212 30.60161741
1e-12 0.8 4.5 0.0 0.01 776 0.203389138 7.98476601 2761.1688267 28.498096521 30.63256972
1e-12 0.8 4.55 0.0 0.01 776 0.203389138 7.98476601 2761.1688267 28.49921716 30.66361793
1e-12 0.8 4.6000000000000005 0.0 0.01 776 0.203389138 7.98476601 2761.1688267 28.500342034 30.69479378
1e-12 0.8 4.65 0.0 0.01 776 0.203389138 7.98476601 2761.1688267 28.501470969 30.7260857
1e-12 0.8 4.7 0.0 0.01 776 0.203389138 7.98476601 2761.1688267 28.502604214 30.75750208
1e-12 0.8 4.75 0.0 0.01 776 0.203389138 7.98476601 2761.1688267 28.503741592 30.78903297
1e-12 0.8 4.8 0.0 0.01 776 0.203389138 7.98476601 2761.1688267 28.504883449 30.82068314
1e-12 0.8 4.8500000000000005 0.0 0.01 776 0.203389138 7.98476601 2761.1688267 28.506029642 30.8524464
1e-12 0.8 4.9 0.0 0.01 776 0.203389138 7.98476601 2761.1688267 28.507180274 30.88434207
1e-12 0.8 4.95 0.0 0.01 776 0.203389138 7.98476601 2761.1688267 28.508335207 30.9163548
1e-12 0.8 5.0 0.0 0.01 776 0.203389138 7.98476601 2761.1688267 28.509494547 30.9484893
1e-12 0.8 5.05 0.0 0.01 776 0.203389138 7.98476601 2761.1688267 28.51065817 30.98074375
1e-12 0.8 5.1000000000000005 0.0 0.01 776 0.203389138 7.98476601 2761.1688267 28.511826459 31.01312817
1e-12 0.8 5.15 0.0 0.01 776 0.203389138 7.98476601 2761.1688267 28.512999201 31.04562584
1e-12 0.8 5.2 0.0 0.01 776 0.203389138 7.98476601 2761.1688267 28.514176344 31.07826194
1e-12 0.8 5.25 0.0 0.01 776 0.203389138 7.98476601 2761.1688267 28.515358121 31.11101803
1e-12 0.8 5.300000000000001 0.0 0.01 776 0.203389138 7.98476601 2761.1688267 28.516544323 31.14389628
1e-12 0.8 5.3500000000000005 0.0 0.01 776 0.203389138 7.98476601 2761.1688267 28.517735264 31.17690727
1e-12 0.8 5.4 0.0 0.01 776 0.203389138 7.98476601 2761.1688267 28.518930766 31.21004511
1e-12 0.8 5.45 0.0 0.01 776 0.203389138 7.98476601 2761.1688267 28.520001939 31.24047005
1e-12 0.8 5.5 0.0 0.01 776 0.203389138 7.98476601 2761.1688267 28.520701105 31.26269405
1e-12 1.0 0.5 0.0 0.01 776 0.203389138 7.98476601 2761.1688267 31.085093613 24.392776716
1e-12 1.0 0.55 0.0 0.01 776 0.203389138 7.98476601 2761.1688267 30.779370207 24.629256065
1e-12 1.0 0.6 0.0 0.01 776 0.203389138 7.98476601 2761.1688267 30.501777237 24.83849807
1e-12 1.0 0.65 0.0 0.01 776 0.203389138 7.98476601 2761.1688267 30.23569529 25.039056078
1e-12 1.0 0.7 0.0 0.01 776 0.203389138 7.98476601 2761.1688267 29.981539244 25.23007935
1e-12 1.0 0.75 0.0 0.01 776 0.203389138 7.98476601 2761.1688267 29.726768789 25.420300918
1e-12 1.0 0.8 0.0 0.01 776 0.203389138 7.98476601 2761.1688267 29.461270915 25.618541289
1e-12 1.0 0.8500000000000001 0.0 0.01 776 0.203389138 7.98476601 2761.1688267 29.184353866 25.825300008
1e-12 1.0 0.9 0.0 0.01 776 0.203389138 7.98476601 2761.1688267 28.982562639 25.978117908
1e-12 1.0 0.95 0.0 0.01 776 0.203389138 7.98476601 2761.1688267 28.787921801 26.126554064
1e-12 1.0 1.0 0.0 0.01 776 0.203389138 7.98476601 2761.1688267 28.569176164 26.29336349
1e-12 1.0 1.05 0.0 0.01 776 0.203389138 7.98476601 2761.1688267 28.321551626 26.48219932
1e-12 1.0 1.1 0.0 0.01 776 0.203389138 7.98476601 2761.1688267 28.113044449 26.653229344
1e-12 1.0 1.15 0.0 0.01 776 0.203389138 7.98476601 2761.1688267 28.057463482 26.738542107
1e-12 1.0 1.2000000000000002 0.0 0.01 776 0.203389138 7.98476601 2761.1688267 27.994502742 26.835182673
1e-12 1.0 1.25 0.0 0.01 776 0.203389138 7.98476601 2761.1688267 27.922588494 26.945572267
1e-12 1.0 1.3 0.0 0.01 776 0.203389138 7.98476601 2761.1688267 27.839664134 27.072855606
1e-12 1.0 1.35 0.0 0.01 776 0.203389138 7.98476601 2761.1688267 27.742991647 27.221245089
1e-12 1.0 1.4 0.0 0.01 776 0.203389138 7.98476601 2761.1688267 27.721543759 27.317584499
1e-12 1.0 1.4500000000000002 0.0 0.01 776 0.203389138 7.98476601 2761.1688267 27.740883734 27.386460659
1e-12 1.0 1.5 0.0 0.01 776 0.203389138 7.98476601 2761.1688267 27.761759907 27.460818799
1e-12 1.0 1.55 0.0 0.01 776 0.203389138 7.98476601 2761.1688267 27.784362548 27.541325628
1e-12 1.0 1.6 0.0 0.01 776 0.203389138 7.98476601 2761.1688267 27.808915203 27.628770898
1e-12 1.0 1.6500000000000001 0.0 0.01 776 0.203389138 7.98476601 2761.1688267 27.835681609 27.724103883
1e-12 1.0 1.7000000000000002 0.0 0.01 776 0.203389138 7.98476601 2761.1688267 27.864975506 27.828440724
1e-12 1.0 1.75 0.0 0.01 776 0.203389138 7.98476601 2761.1688267 27.891591545 27.90818163
1e-12 1.0 1.8 0.0 0.01 776 0.203389138 7.98476601 2761.1688267 27.915944859 27.969622562
1e-12 1.0 1.85 0.0 0.01 776 0.203389138 7.98476601 2761.1688267 27.941172658 28.033271543
1e-12 1.0 1.9000000000000001 0.0 0.01 776 0.203389138 7.98476601 2761.1688267 27.967322595 28.099245403
1e-12 1.0 1.9500000000000002 0.0 0.01 776 0.203389138 7.98476601 2761.1688267 27.994446093 28.167677956
1e-12 1.0 2.0 0.0 0.01 776 0.203389138 7.98476601 2761.1688267 28.022598779 28.238699976
1e-12 1.0 2.05 0.0 0.01 776 0.203389138 7.98476601 2761.1688267 28.051840442 28.312478694
1e-12 1.0 2.1 0.0 0.01 776 0.203389138 7.98476601 2761.1688267 28.082235348 28.389162709
1e-12 1.0 2.1500000000000004 0.0 0.01 776 0.203389138 7.98476601 2761.1688267 28.11385296 28.468935415
1e-12 1.0 2.2 0.0 0.01 776 0.203389138 7.98476601 2761.1688267 28.131976701 28.531337887
1e-12 1.0 2.25 0.0 0.01 776 0.203389138 7.98476601 2761.1688267 28.144371984 28.586498973
1e-12 1.0 2.3 0.0 0.01 776 0.203389138 7.98476601 2761.1688267 28.156972878 28.642565927
1e-12 1.0 2.35 0.0 0.01 776 0.203389138 7.98476601 2761.1688267 28.169784353 28.699576019
1e-12 1.0 2.4000000000000004 0.0 0.01 776 0.203389138 7.98476601 2761.1688267 28.182811819 28.757548261
1e-12 1.0 2.45 0.0 0.01 776 0.203389138 7.98476601 2761.1688267 28.1960607 28.816501027
1e-12 1.0 2.5 0.0 0.01 776 0.203389138 7.98476601 2761.1688267 28.209536771 28.876465184
1e-12 1.0 2.5500000000000003 0.0 0.01 776 0.203389138 7.98476601 2761.1688267 28.22324595 28.937469277
1e-12 1.0 2.6 0.0 0.01 776 0.203389138 7.98476601 2761.1688267 28.237194246 28.999534392
1e-12 1.0 2.65 0.0 0.01 776 0.203389138 7.98476601 2761.1688267 28.251387942 29.062693028
1e-12 1.0 2.7 0.0 0.01 776 0.203389138 7.98476601 2761.1688267 28.265833888 29.12696922
1e-12 1.0 2.75 0.0 0.01 776 0.203389138 7.98476601 2761.1688267 28.276001777 29.182977913
1e-12 1.0 2.8000000000000003 0.0 0.01 776 0.203389138 7.98476601 2761.1688267 28.281717006 29.23010564
1e-12 1.0 2.85 0.0 0.01 776 0.203389138 7.98476601 2761.1688267 28.287484727 29.277680114
1e-12 1.0 2.9000000000000004 0.0 0.01 776 0.203389138 7.98476601 2761.1688267 28.293305385 29.325687157
1e-12 1.0 2.95 0.0 0.01 776 0.203389138 7.98476601 2761.1688267 28.299179968 29.374133814
1e-12 1.0 3.0 0.0 0.01 776 0.203389138 7.98476601 2761.1688267 28.305109157 29.423040625
1e-12 1.0 3.0500000000000003 0.0 0.01 776 0.203389138 7.98476601 2761.1688267 28.311093691 29.472389612
1e-12 1.0 3.1 0.0 0.01 776 0.203389138 7.98476601 2761.1688267 28.317134447 29.522208226
1e-12 1.0 3.1500000000000004 0.0 0.01 776 0.203389138 7.98476601 2761.1688267 28.323232014 29.572505212
1e-12 1.0 3.2 0.0 0.01 776 0.203389138 7.98476601 2761.1688267 28.329387513 29.623272192
1e-12 1.0 3.25 0.0 0.01 776 0.203389138 7.98476601 2761.1688267 28.335601384 29.6745142
1e-12 1.0 3.3000000000000003 0.0 0.01 776 0.203389138 7.98476601 2761.1688267 28.341874698 29.726255899
1e-12 1.0 3.35 0.0 0.01 776 0.203389138 7.98476601 2761.1688267 28.348208272 29.778496229
1e-12 1.0 3.4000000000000004 0.0 0.01 776 0.203389138 7.98476601 2761.1688267 28.354603063 29.831233161
1e-12 1.0 3.45 0.0 0.01 776 0.203389138 7.98476601 2761.1688267 28.360111187 29.879299415
1e-12 1.0 3.5 0.0 0.01 776 0.203389138 7.98476601 2761.1688267 28.364153712 29.919473137
1e-12 1.0 3.5500000000000003 0.0 0.01 776 0.203389138 7.98476601 2761.1688267 28.368220489 29.959883157
1e-12 1.0 3.6 0.0 0.01 776 0.203389138 7.98476601 2761.1688267 28.372311855 30.000535632
1e-12 1.0 3.6500000000000004 0.0 0.01 776 0.203389138 7.98476601 2761.1688267 28.376428217 30.041455671
1e-12 1.0 3.7 0.0 0.01 776 0.203389138 7.98476601 2761.1688267 28.380569445 30.082605524
1e-12 1.0 3.75 0.0 0.01 776 0.203389138 7.98476601 2761.1688267 28.384736029 30.124009564
1e-12 1.0 3.8000000000000003 0.0 0.01 776 0.203389138 7.98476601 2761.1688267 28.388928099 30.165669622
1e-12 1.0 3.85 0.0 0.01 776 0.203389138 7.98476601 2761.1688267 28.393145963 30.207591753
1e-12 1.0 3.9000000000000004 0.0 0.01 776 0.203389138 7.98476601 2761.1688267 28.397389612 30.249765872
1e-12 1.0 3.95 0.0 0.01 776 0.203389138 7.98476601 2761.1688267 28.401659658 30.292195739
1e-12 1.0 4.0 0.0 0.01 776 0.203389138 7.98476601 2761.1688267 28.405956155 30.334887997
1e-12 1.0 4.050000000000001 0.0 0.01 776 0.203389138 7.98476601 2761.1688267 28.410279237 30.377854176
1e-12 1.0 4.1 0.0 0.01 776 0.203389138 7.98476601 2761.1688267 28.414629375 30.421085662
1e-12 1.0 4.15 0.0 0.01 776 0.203389138 7.98476601 2761.1688267 28.419006673 30.464588897
1e-12 1.0 4.2 0.0 0.01 776 0.203389138 7.98476601 2761.1688267 28.423411534 30.508358243
1e-12 1.0 4.25 0.0 0.01 776 0.203389138 7.98476601 2761.1688267 28.427844104 30.552414975
1e-12 1.0 4.300000000000001 0.0 0.01 776 0.203389138 7.98476601 2761.1688267 28.432304539 30.596736429
1e-12 1.0 4.35 0.0 0.01 776 0.203389138 7.98476601 2761.1688267 28.435283486 30.63253517
1e-12 1.0 4.4 0.0 0.01 776 0.203389138 7.98476601 2761.1688267 28.437355779 30.66313841
1e-12 1.0 4.45 0.0 0.01 776 0.203389138 7.98476601 2761.1688267 28.439437126 30.69386978
1e-12 1.0 4.5 0.0 0.01 776 0.203389138 7.98476601 2761.1688267 28.441527688 30.72473365
1e-12 1.0 4.55 0.0 0.01 776 0.203389138 7.98476601 2761.1688267 28.443627707 30.75574036
1e-12 1.0 4.6000000000000005 0.0 0.01 776 0.203389138 7.98476601 2761.1688267 28.445736639 30.78687913
1e-12 1.0 4.65 0.0 0.01 776 0.203389138 7.98476601 2761.1688267 28.447855298 30.81816187
1e-12 1.0 4.7 0.0 0.01 776 0.203389138 7.98476601 2761.1688267 28.449983338 30.84957839
1e-12 1.0 4.75 0.0 0.01 776 0.203389138 7.98476601 2761.1688267 28.452120788 30.88113463
1e-12 1.0 4.8 0.0 0.01 776 0.203389138 7.98476601 2761.1688267 28.454267784 30.91283466
1e-12 1.0 4.8500000000000005 0.0 0.01 776 0.203389138 7.98476601 2761.1688267 28.456424494 30.9446827
1e-12 1.0 4.9 0.0 0.01 776 0.203389138 7.98476601 2761.1688267 28.458591021 30.97667756
1e-12 1.0 4.95 0.0 0.01 776 0.203389138 7.98476601 2761.1688267 28.460766973 31.00879388
1e-12 1.0 5.0 0.0 0.01 776 0.203389138 7.98476601 2761.1688267 28.462953056 31.04107927
1e-12 1.0 5.05 0.0 0.01 776 0.203389138 7.98476601 2761.1688267 28.465148891 31.07349789
1e-12 1.0 5.1000000000000005 0.0 0.01 776 0.203389138 7.98476601 2761.1688267 28.46735474 31.10606482
1e-12 1.0 5.15 0.0 0.01 776 0.203389138 7.98476601 2761.1688267 28.469570576 31.13877911
1e-12 1.0 5.2 0.0 0.01 776 0.203389138 7.98476601 2761.1688267 28.471796554 31.17164421
1e-12 1.0 5.25 0.0 0.01 776 0.203389138 7.98476601 2761.1688267 28.474032742 31.2046633
1e-12 1.0 5.300000000000001 0.0 0.01 776 0.203389138 7.98476601 2761.1688267 28.476279111 31.23783329
1e-12 1.0 5.3500000000000005 0.0 0.01 776 0.203389138 7.98476601 2761.1688267 28.47853572 31.27114511
1e-12 1.0 5.4 0.0 0.01 776 0.203389138 7.98476601 2761.1688267 28.480802846 31.30462623
1e-12 1.0 5.45 0.0 0.01 776 0.203389138 7.98476601 2761.1688267 28.482824622 31.33528427
1e-12 1.0 5.5 0.0 0.01 776 0.203389138 7.98476601 2761.1688267 28.484109886 31.35744032
