2.3973874e-10 0.0000000e+00 1.0000000e-01 0.0000000e+00 1.0000000e-02 6.4056663e+00 7.2426012e+00 1.9039245e+00 5.0088649e+00 7.7039609e-02 4.5966270e-05 3.2611528e-16
2.6267240e-10 0.0000000e+00 1.0232930e-01 0.0000000e+00 1.0000000e-02 7.1350060e+00 8.0187765e+00 2.0325743e+00 5.6144066e+00 9.2071055e-02 5.4655676e-05 4.9960848e-16
2.8838143e-10 0.0000000e+00 1.0471285e-01 0.0000000e+00 1.0000000e-02 8.0095402e+00 8.9359948e+00 2.1594609e+00 6.3512316e+00 1.1438107e-01 6.8089920e-05 1.4154904e-15
3.1477775e-10 0.0000000e+00 1.0715193e-01 0.0000000e+00 1.0000000e-02 8.9095045e+00 9.8794305e+00 2.2891153e+00 7.1098438e+00 1.3748419e-01 8.2016355e-05 2.3818450e-15
3.4276276e-10 0.0000000e+00 1.0964782e-01 0.0000000e+00 1.0000000e-02 9.8991316e+00 1.0910770e+01 2.4185107e+00 7.9490241e+00 1.6581870e-01 9.9916956e-05 5.1331235e-15
3.7254471e-10 0.0000000e+00 1.1220185e-01 0.0000000e+00 1.0000000e-02 1.0992591e+01 1.2043654e+01 2.5470645e+00 8.8817100e+00 2.0033180e-01 1.2252614e-04 1.0020839e-14
4.0302037e-10 0.0000000e+00 1.1481536e-01 0.0000000e+00 1.0000000e-02 1.2111521e+01 1.3202927e+01 2.6786126e+00 9.8361209e+00 2.3564881e-01 1.4566196e-04 1.5022403e-14
4.3586214e-10 0.0000000e+00 1.1748976e-01 0.0000000e+00 1.0000000e-02 1.3414397e+01 1.4541418e+01 2.8050483e+00 1.0956817e+01 2.8534159e-01 1.8254839e-04 3.7001813e-14
4.6953427e-10 0.0000000e+00 1.2022644e-01 0.0000000e+00 1.0000000e-02 1.4753853e+01 1.5917095e+01 2.9341063e+00 1.2109303e+01 3.3672675e-01 2.2081544e-04 6.0158647e-14
5.0448131e-10 0.0000000e+00 1.2302688e-01 0.0000000e+00 1.0000000e-02 1.6204830e+01 1.7402444e+01 3.0612277e+00 1.3361719e+01 3.9803463e-01 2.7114565e-04 1.1787013e-13
5.4081923e-10 0.0000000e+00 1.2589254e-01 0.0000000e+00 1.0000000e-02 1.7784054e+01 1.9013672e+01 3.1854980e+00 1.4729246e+01 4.7103089e-01 3.3578469e-04 2.1692308e-13
5.7800358e-10 0.0000000e+00 1.2882496e-01 0.0000000e+00 1.0000000e-02 1.9400063e+01 2.0662430e+01 3.3126629e+00 1.6128627e+01 5.4572744e-01 4.0192936e-04 3.1828327e-13
6.1624806e-10 0.0000000e+00 1.3182567e-01 0.0000000e+00 1.0000000e-02 2.1229978e+01 2.2519963e+01 3.4293785e+00 1.7720233e+01 6.4632977e-01 5.1160733e-04 7.0246103e-13
6.5539102e-10 0.0000000e+00 1.3489629e-01 0.0000000e+00 1.0000000e-02 2.3109474e+01 2.4427486e+01 3.5482835e+00 1.9355211e+01 7.5022909e-01 6.2549719e-04 1.1066551e-12
6.9509521e-10 0.0000000e+00 1.3803843e-01 0.0000000e+00 1.0000000e-02 2.5122431e+01 2.6466093e+01 3.6618938e+00 2.1108593e+01 8.7173534e-01 7.7800907e-04 2.0188036e-12
7.3531205e-10 0.0000000e+00 1.4125375e-01 0.0000000e+00 1.0000000e-02 2.7287733e+01 2.8654076e+01 3.7686678e+00 2.2997262e+01 1.0139295e+00 9.7636835e-04 3.5384140e-12
7.7646566e-10 0.0000000e+00 1.4454398e-01 0.0000000e+00 1.0000000e-02 2.9503470e+01 3.0893024e+01 3.8779289e+00 2.4929923e+01 1.1594357e+00 1.1793480e-03 5.0934208e-12
8.1702038e-10 0.0000000e+00 1.4791084e-01 0.0000000e+00 1.0000000e-02 3.1984288e+01 3.3391174e+01 3.9702080e+00 2.7095364e+01 1.3499821e+00 1.5192656e-03 1.0399509e-11
8.5845826e-10 0.0000000e+00 1.5135612e-01 0.0000000e+00 1.0000000e-02 3.4531315e+01 3.5955686e+01 4.0638658e+00 2.9318654e+01 1.5466107e+00 1.8723189e-03 1.5975807e-11
8.9983905e-10 0.0000000e+00 1.5488166e-01 0.0000000e+00 1.0000000e-02 3.7264712e+01 3.8704262e+01 4.1501800e+00 3.1702766e+01 1.7739567e+00 2.3406468e-03 2.7800547e-11
9.4098164e-10 0.0000000e+00 1.5848932e-01 0.0000000e+00 1.0000000e-02 4.0211161e+01 4.1663057e+01 4.2273044e+00 3.4270620e+01 2.0373320e+00 2.9457605e-03 4.7095293e-11
9.8308256e-10 0.0000000e+00 1.6218101e-01 0.0000000e+00 1.0000000e-02 4.3226241e+01 4.4690771e+01 4.3062252e+00 3.6898286e+01 2.3068420e+00 3.5649691e-03 6.6839470e-11
1.0238165e-09 0.0000000e+00 1.6595869e-01 0.0000000e+00 1.0000000e-02 4.6641595e+01 4.8114662e+01 4.3678802e+00 3.9862471e+01 2.6539498e+00 4.5591773e-03 1.3013528e-10
1.0654066e-09 0.0000000e+00 1.6982437e-01 0.0000000e+00 1.0000000e-02 5.0149529e+01 5.1631158e+01 4.4302173e+00 4.2906565e+01 3.0119576e+00 5.5907744e-03 1.9660614e-10
1.1067163e-09 0.0000000e+00 1.7378008e-01 0.0000000e+00 1.0000000e-02 5.3911851e+01 5.5400642e+01 4.4856745e+00 4.6158194e+01 3.4210513e+00 6.9122169e-03 3.3234791e-10
1.1475195e-09 0.0000000e+00 1.7782794e-01 0.0000000e+00 1.0000000e-02 5.7964853e+01 5.9459091e+01 4.5326262e+00 4.9646218e+01 3.8899382e+00 8.5770007e-03 5.5088332e-10
1.1892732e-09 0.0000000e+00 1.8197009e-01 0.0000000e+00 1.0000000e-02 6.2112263e+01 6.3612073e+01 4.5806716e+00 5.3215488e+01 4.3697468e+00 1.0280562e-02 7.7450907e-10
1.2285518e-09 0.0000000e+00 1.8620871e-01 0.0000000e+00 1.0000000e-02 6.6653352e+01 6.8155754e+01 4.6130505e+00 5.7072855e+01 4.9644508e+00 1.2836711e-02 1.4570999e-09
1.2686092e-09 0.0000000e+00 1.9054607e-01 0.0000000e+00 1.0000000e-02 7.1311941e+01 7.2816873e+01 4.6455211e+00 6.1028160e+01 5.5771007e+00 1.5484482e-02 2.1734984e-09
1.3073696e-09 0.0000000e+00 1.9498446e-01 0.0000000e+00 1.0000000e-02 7.6145046e+01 7.7651045e+01 4.6707209e+00 6.5093608e+01 6.2567548e+00 1.8737920e-02 3.5755116e-09
1.3444106e-09 0.0000000e+00 1.9952623e-01 0.0000000e+00 1.0000000e-02 8.1168339e+01 8.2673641e+01 4.6870688e+00 6.9274934e+01 7.0142479e+00 2.2706798e-02 5.7967479e-09
1.3823143e-09 0.0000000e+00 2.0417379e-01 0.0000000e+00 1.0000000e-02 8.6308640e+01 8.7813228e+01 4.7037974e+00 7.3553655e+01 7.7893853e+00 2.6768123e-02 8.0697235e-09
1.4147732e-09 0.0000000e+00 2.0892961e-01 0.0000000e+00 1.0000000e-02 9.1498055e+01 9.2998743e+01 4.7032818e+00 7.7761717e+01 8.6922053e+00 3.2459650e-02 1.4520810e-08
1.4477383e-09 0.0000000e+00 2.1379621e-01 0.0000000e+00 1.0000000e-02 9.6805559e+01 9.8302132e+01 4.7020583e+00 8.2061077e+01 9.6203812e+00 3.8344351e-02 2.1284959e-08
1.4782600e-09 0.0000000e+00 2.1877616e-01 0.0000000e+00 1.0000000e-02 1.0213184e+02 1.0362302e+02 4.6927115e+00 8.6309270e+01 1.0620699e+01 4.5316074e-02 3.3707499e-08
1.5057164e-09 0.0000000e+00 2.2387211e-01 0.0000000e+00 1.0000000e-02 1.0745890e+02 1.0894317e+02 4.6736286e+00 9.0478497e+01 1.1703723e+01 5.3567199e-02 5.2887621e-08
1.5338125e-09 0.0000000e+00 2.2908677e-01 0.0000000e+00 1.0000000e-02 1.1291004e+02 1.1438724e+02 4.6541012e+00 9.4744838e+01 1.2811975e+01 6.2010517e-02 7.2514506e-08
1.5577057e-09 0.0000000e+00 2.3442288e-01 0.0000000e+00 1.0000000e-02 1.1823696e+02 1.1970618e+02 4.6211527e+00 9.8761374e+01 1.4047533e+01 7.3138562e-02 1.2293030e-07
1.5819638e-09 0.0000000e+00 2.3988329e-01 0.0000000e+00 1.0000000e-02 1.2367806e+02 1.2513907e+02 4.5869249e+00 1.0285769e+02 1.5315876e+01 8.4624007e-02 1.7571752e-07
1.6052074e-09 0.0000000e+00 2.4547089e-01 0.0000000e+00 1.0000000e-02 1.2913062e+02 1.3058386e+02 4.5475575e+00 1.0688689e+02 1.6660828e+01 9.7819949e-02 2.6573158e-07
1.6271349e-09 0.0000000e+00 2.5118864e-01 0.0000000e+00 1.0000000e-02 1.3457464e+02 1.3602067e+02 4.5021670e+00 1.1081885e+02 1.8092449e+01 1.1301999e-01 4.0017007e-07
1.6495732e-09 0.0000000e+00 2.5703958e-01 0.0000000e+00 1.0000000e-02 1.4014548e+02 1.4158412e+02 4.4557193e+00 1.1484240e+02 1.9557417e+01 1.2857408e-01 5.3774003e-07
1.6708624e-09 0.0000000e+00 2.6302680e-01 0.0000000e+00 1.0000000e-02 1.4565272e+02 1.4708708e+02 4.4025383e+00 1.1866797e+02 2.1151617e+01 1.4807059e-01 8.5533743e-07
1.6925816e-09 0.0000000e+00 2.6915348e-01 0.0000000e+00 1.0000000e-02 1.5128062e+02 1.5271073e+02 4.3478956e+00 1.2257114e+02 2.2786704e+01 1.6816252e-01 1.1873107e-06
1.7149178e-09 0.0000000e+00 2.7542287e-01 0.0000000e+00 1.0000000e-02 1.5699304e+02 1.5842131e+02 4.2905811e+00 1.2647404e+02 2.4502497e+01 1.9070751e-01 1.7147984e-06
1.7379051e-09 0.0000000e+00 2.8183829e-01 0.0000000e+00 1.0000000e-02 1.6278377e+02 1.6421307e+02 4.2302867e+00 1.3036063e+02 2.6308371e+01 2.1611177e-01 2.4753775e-06
1.7614278e-09 0.0000000e+00 2.8840315e-01 0.0000000e+00 1.0000000e-02 1.6870939e+02 1.7013975e+02 4.1685878e+00 1.3433775e+02 2.8156309e+01 2.4210778e-01 3.2536727e-06
1.7859223e-09 0.0000000e+00 2.9512092e-01 0.0000000e+00 1.0000000e-02 1.7466220e+02 1.7610025e+02 4.1024362e+00 1.3822086e+02 3.0122469e+01 2.7349713e-01 4.8803176e-06
1.8110040e-09 0.0000000e+00 3.0199517e-01 0.0000000e+00 1.0000000e-02 1.8074929e+02 1.8219547e+02 4.0346246e+00 1.4218704e+02 3.2137395e+01 3.0580661e-01 6.5776188e-06
1.8368815e-09 0.0000000e+00 3.0902954e-01 0.0000000e+00 1.0000000e-02 1.8691416e+02 1.8837247e+02 3.9637137e+00 1.4615946e+02 3.4223627e+01 3.4148987e-01 9.1122795e-06
1.8636105e-09 0.0000000e+00 3.1622777e-01 0.0000000e+00 1.0000000e-02 1.9314737e+02 1.9462257e+02 3.8893640e+00 1.5012310e+02 3.6387113e+01 3.8108648e-01 1.2644108e-05
1.8909621e-09 0.0000000e+00 3.2359366e-01 0.0000000e+00 1.0000000e-02 1.9952577e+02 2.0101825e+02 3.8132824e+00 1.5417907e+02 3.8600992e+01 4.2160541e-01 1.6258203e-05
1.9192707e-09 0.0000000e+00 3.3113112e-01 0.0000000e+00 1.0000000e-02 2.0587774e+02 2.0739732e+02 3.7334585e+00 1.5814932e+02 4.0881720e+01 4.6918567e-01 2.3161465e-05
1.9482513e-09 0.0000000e+00 3.3884416e-01 0.0000000e+00 1.0000000e-02 2.1237077e+02 2.1391844e+02 3.6516975e+00 1.6220493e+02 4.3216175e+01 5.1811564e-01 3.0352006e-05
1.9777820e-09 0.0000000e+00 3.4673685e-01 0.0000000e+00 1.0000000e-02 2.1888339e+02 2.2046494e+02 3.5683091e+00 1.6624775e+02 4.5587970e+01 5.7142814e-01 4.0516635e-05
2.0078537e-09 0.0000000e+00 3.5481339e-01 0.0000000e+00 1.0000000e-02 2.2539291e+02 2.2701516e+02 3.4833041e+00 1.7025862e+02 4.7994978e+01 6.2979550e-01 5.4218190e-05
2.0386258e-09 0.0000000e+00 3.6307805e-01 0.0000000e+00 1.0000000e-02 2.3205405e+02 2.3371795e+02 3.3963190e+00 1.7436292e+02 5.0458053e+01 6.8952242e-01 6.8238896e-05
2.0693600e-09 0.0000000e+00 3.7153523e-01 0.0000000e+00 1.0000000e-02 2.3853019e+02 2.4024831e+02 3.3112164e+00 1.7833081e+02 5.2888975e+01 7.5795967e-01 9.2885070e-05
2.1007803e-09 0.0000000e+00 3.8018940e-01 0.0000000e+00 1.0000000e-02 2.4514375e+02 2.4691781e+02 3.2242857e+00 1.8238197e+02 5.5372988e+01 8.2827988e-01 1.1851178e-04
2.1324009e-09 0.0000000e+00 3.8904514e-01 0.0000000e+00 1.0000000e-02 2.5174004e+02 2.5357711e+02 3.1389105e+00 1.8642351e+02 5.7855847e+01 9.0396304e-01 1.5300373e-04
2.1641331e-09 0.0000000e+00 3.9810717e-01 0.0000000e+00 1.0000000e-02 2.5828854e+02 2.6019685e+02 3.0557566e+00 1.9043694e+02 6.0327148e+01 9.8578913e-01 1.9802143e-04
2.1966045e-09 0.0000000e+00 4.0738028e-01 0.0000000e+00 1.0000000e-02 2.6498957e+02 2.6697078e+02 2.9706659e+00 1.9454385e+02 6.2856013e+01 1.0695212e+00 2.4408772e-04
2.2280621e-09 0.0000000e+00 4.1686938e-01 0.0000000e+00 1.0000000e-02 2.7145234e+02 2.7352033e+02 2.8931656e+00 1.9852198e+02 6.5290054e+01 1.1635091e+00 3.1917115e-04
2.2601825e-09 0.0000000e+00 4.2657952e-01 0.0000000e+00 1.0000000e-02 2.7805007e+02 2.8020735e+02 2.8142379e+00 2.0258392e+02 6.7774725e+01 1.2600141e+00 3.9710635e-04
2.2926609e-09 0.0000000e+00 4.3651583e-01 0.0000000e+00 1.0000000e-02 2.8470607e+02 2.8696057e+02 2.7392062e+00 2.0670616e+02 7.0258309e+01 1.3628877e+00 4.9763395e-04
2.3254370e-09 0.0000000e+00 4.4668359e-01 0.0000000e+00 1.0000000e-02 2.9140490e+02 2.9376577e+02 2.6691696e+00 2.1088408e+02 7.2730414e+01 1.4730029e+00 6.2493397e-04
2.3589765e-09 0.0000000e+00 4.5708819e-01 0.0000000e+00 1.0000000e-02 2.9825977e+02 3.0072949e+02 2.5975017e+00 2.1515931e+02 7.5260102e+01 1.5856830e+00 7.5519919e-04
2.3903579e-09 0.0000000e+00 4.6773514e-01 0.0000000e+00 1.0000000e-02 3.0480993e+02 3.0740335e+02 2.5367333e+00 2.1925587e+02 7.7668701e+01 1.7103058e+00 9.5395130e-04
2.4223541e-09 0.0000000e+00 4.7863009e-01 0.0000000e+00 1.0000000e-02 3.1149433e+02 3.1421483e+02 2.4750454e+00 2.2343687e+02 8.0126300e+01 1.8381992e+00 1.1599160e-03
2.4530626e-09 0.0000000e+00 4.8977882e-01 0.0000000e+00 1.0000000e-02 3.1805911e+02 3.2091548e+02 2.4175981e+00 2.2752728e+02 8.2553753e+01 1.9738117e+00 1.4163068e-03
2.4820957e-09 0.0000000e+00 5.0118723e-01 0.0000000e+00 1.0000000e-02 3.2445307e+02 3.2745532e+02 2.3654886e+00 2.3149193e+02 8.4934990e+01 2.1181568e+00 1.7323220e-03
2.5118051e-09 0.0000000e+00 5.1286138e-01 0.0000000e+00 1.0000000e-02 3.3099596e+02 3.3414750e+02 2.3121652e+00 2.3554894e+02 8.7371693e+01 2.2658641e+00 2.0556981e-03
2.5369891e-09 0.0000000e+00 5.2480746e-01 0.0000000e+00 1.0000000e-02 3.3702123e+02 3.4033773e+02 2.2679864e+00 2.3921354e+02 8.9673973e+01 2.4274570e+00 2.5221582e-03
2.5625538e-09 0.0000000e+00 5.3703180e-01 0.0000000e+00 1.0000000e-02 3.4316039e+02 3.4664618e+02 2.2231885e+00 2.4294429e+02 9.2022334e+01 2.5932261e+00 3.0048332e-03
2.5862584e-09 0.0000000e+00 5.4954087e-01 0.0000000e+00 1.0000000e-02 3.4913769e+02 3.5280274e+02 2.1815296e+00 2.4651869e+02 9.4354650e+01 2.7681524e+00 3.5883102e-03
2.6076277e-09 0.0000000e+00 5.6234133e-01 0.0000000e+00 1.0000000e-02 3.5489573e+02 3.5875131e+02 2.1438184e+00 2.4989034e+02 9.6658106e+01 2.9533806e+00 4.2906870e-03
2.6294948e-09 0.0000000e+00 5.7543994e-01 0.0000000e+00 1.0000000e-02 3.6078789e+02 3.6483844e+02 2.1052289e+00 2.5334053e+02 9.9015215e+01 3.1429232e+00 5.0094243e-03
2.6455042e-09 0.0000000e+00 5.8884366e-01 0.0000000e+00 1.0000000e-02 3.6603606e+02 3.7029843e+02 2.0718829e+00 2.5619217e+02 1.0129571e+02 3.3481902e+00 5.9981638e-03
2.6616352e-09 0.0000000e+00 6.0255959e-01 0.0000000e+00 1.0000000e-02 3.7137564e+02 3.7585525e+02 2.0380027e+00 2.5908344e+02 1.0362414e+02 3.5586848e+00 7.0199293e-03
2.6745500e-09 0.0000000e+00 6.1659500e-01 0.0000000e+00 1.0000000e-02 3.7639212e+02 3.8109940e+02 2.0051397e+00 2.6161867e+02 1.0596326e+02 3.7791840e+00 8.2253679e-03
2.6835420e-09 0.0000000e+00 6.3095734e-01 0.0000000e+00 1.0000000e-02 3.8099928e+02 3.8594584e+02 1.9736354e+00 2.6371510e+02 1.0830566e+02 4.0108178e+00 9.6468734e-03
2.6927435e-09 0.0000000e+00 6.4565423e-01 0.0000000e+00 1.0000000e-02 3.8571375e+02 3.9090516e+02 1.9413972e+00 2.6586036e+02 1.1070261e+02 4.2478471e+00 1.1101490e-02
2.6936956e-09 0.0000000e+00 6.6069345e-01 0.0000000e+00 1.0000000e-02 3.8942804e+02 3.9487929e+02 1.9107392e+00 2.6695552e+02 1.1309362e+02 4.4993942e+00 1.3022220e-02
2.6943358e-09 0.0000000e+00 6.7608298e-01 0.0000000e+00 1.0000000e-02 3.9318503e+02 3.9890254e+02 1.8794590e+00 2.6803278e+02 1.1553789e+02 4.7571556e+00 1.5004748e-02
2.6905269e-09 0.0000000e+00 6.9183097e-01 0.0000000e+00 1.0000000e-02 3.9640027e+02 4.0239330e+02 1.8480458e+00 2.6848311e+02 1.1803449e+02 5.0239949e+00 1.7295516e-02
2.6813800e-09 0.0000000e+00 7.0794578e-01 0.0000000e+00 1.0000000e-02 3.9895049e+02 4.0522905e+02 1.8166010e+00 2.6817726e+02 1.2058384e+02 5.3006643e+00 1.9947785e-02
2.6720202e-09 0.0000000e+00 7.2443596e-01 0.0000000e+00 1.0000000e-02 4.0156010e+02 4.0813085e+02 1.7844238e+00 2.6786428e+02 1.2319257e+02 5.5837782e+00 2.2661834e-02
2.6524746e-09 0.0000000e+00 7.4131024e-01 0.0000000e+00 1.0000000e-02 4.0268969e+02 4.0955997e+02 1.7521743e+00 2.6593382e+02 1.2588252e+02 5.8745113e+00 2.6124174e-02
2.6320804e-09 0.0000000e+00 7.5857758e-01 0.0000000e+00 1.0000000e-02 4.0378476e+02 4.1096159e+02 1.7192003e+00 2.6389483e+02 1.2863592e+02 6.1720569e+00 2.9694200e-02
2.6063544e-09 0.0000000e+00 7.7624712e-01 0.0000000e+00 1.0000000e-02 4.0406261e+02 4.1155028e+02 1.6857463e+00 2.6095107e+02 1.3145804e+02 6.4740685e+00 3.3752407e-02
2.5743183e-09 0.0000000e+00 7.9432823e-01 0.0000000e+00 1.0000000e-02 4.0335598e+02 4.1115840e+02 1.6518519e+00 2.5693071e+02 1.3435127e+02 6.7802168e+00 3.8381390e-02
2.5415360e-09 0.0000000e+00 8.1283052e-01 0.0000000e+00 1.0000000e-02 4.0263289e+02 4.1075739e+02 1.6171681e+00 2.5281670e+02 1.3731190e+02 7.0934962e+00 4.3118195e-02
2.4981122e-09 0.0000000e+00 8.3176377e-01 0.0000000e+00 1.0000000e-02 3.9993953e+02 4.0838048e+02 1.5823276e+00 2.4676172e+02 1.4026221e+02 7.4018372e+00 4.9009779e-02
2.4532870e-09 0.0000000e+00 8.5113804e-01 0.0000000e+00 1.0000000e-02 3.9710633e+02 4.0587058e+02 1.5467013e+00 2.4049288e+02 1.4327811e+02 7.7168775e+00 5.5079815e-02
2.4032427e-09 0.0000000e+00 8.7096359e-01 0.0000000e+00 1.0000000e-02 3.9323700e+02 4.0232185e+02 1.5106440e+00 2.3328244e+02 1.4623600e+02 8.0294923e+00 6.1911379e-02
2.3471236e-09 0.0000000e+00 8.9125094e-01 0.0000000e+00 1.0000000e-02 3.8813679e+02 3.9753769e+02 1.4742160e+00 2.2496853e+02 1.4911196e+02 8.3379081e+00 6.9631265e-02
2.2896972e-09 0.0000000e+00 9.1201084e-01 0.0000000e+00 1.0000000e-02 3.8291779e+02 3.9264208e+02 1.4369395e+00 2.1646097e+02 1.5205492e+02 8.6535078e+00 7.7530970e-02
2.2233545e-09 0.0000000e+00 9.3325430e-01 0.0000000e+00 1.0000000e-02 3.7547377e+02 3.8549965e+02 1.3997058e+00 2.0648721e+02 1.5440549e+02 8.9481474e+00 8.7260681e-02
2.1551674e-09 0.0000000e+00 9.5499259e-01 0.0000000e+00 1.0000000e-02 3.6777335e+02 3.7810668e+02 1.3616407e+00 1.9623108e+02 1.5678473e+02 9.2485328e+00 9.7281985e-02
2.0830987e-09 0.0000000e+00 9.7723722e-01 0.0000000e+00 1.0000000e-02 3.5901729e+02 3.6964759e+02 1.3232691e+00 1.8547934e+02 1.5870867e+02 9.5385547e+00 1.0851482e-01
2.0066547e-09 0.0000000e+00 1.0000000e+00 0.0000000e+00 1.0000000e-02 3.4902690e+02 3.5994033e+02 1.2846856e+00 1.7417531e+02 1.6007689e+02 9.8149189e+00 1.2115941e-01
1.9284300e-09 0.0000000e+00 1.0232930e+00 0.0000000e+00 1.0000000e-02 3.3880381e+02 3.5000696e+02 1.2452035e+00 1.6260797e+02 1.6147698e+02 1.0097720e+01 1.3409853e-01
1.8477065e-09 0.0000000e+00 1.0471285e+00 0.0000000e+00 1.0000000e-02 3.2713192e+02 3.3859161e+02 1.2065963e+00 1.5118590e+02 1.6151669e+02 1.0347078e+01 1.4981913e-01
1.7650759e-09 0.0000000e+00 1.0715193e+00 0.0000000e+00 1.0000000e-02 3.1514037e+02 3.2686101e+02 1.1671606e+00 1.3951413e+02 1.6150235e+02 1.0600665e+01 1.6600379e-01
1.6823225e-09 0.0000000e+00 1.0964782e+00 0.0000000e+00 1.0000000e-02 3.0268401e+02 3.1465203e+02 1.1281119e+00 1.2818731e+02 1.6077401e+02 1.0840062e+01 1.8387545e-01
1.5997601e-09 0.0000000e+00 1.1220185e+00 0.0000000e+00 1.0000000e-02 2.8971941e+02 3.0191746e+02 1.0896888e+00 1.1732192e+02 1.5918954e+02 1.1061405e+01 2.0370378e-01
1.5152746e-09 0.0000000e+00 1.1481536e+00 0.0000000e+00 1.0000000e-02 2.7645282e+02 2.8888626e+02 1.0503707e+00 1.0620344e+02 1.5756816e+02 1.1287904e+01 2.2399397e-01
1.4372690e-09 0.0000000e+00 1.1748976e+00 0.0000000e+00 1.0000000e-02 2.6349997e+02 2.7613130e+02 1.0140311e+00 9.6791437e+01 1.5465821e+02 1.1474993e+01 2.4754458e-01
1.3577798e-09 0.0000000e+00 1.2022644e+00 0.0000000e+00 1.0000000e-02 2.5026999e+02 2.6310213e+02 9.7699868e-01 8.7237767e+01 1.5163110e+02 1.1664677e+01 2.7175378e-01
1.2821153e-09 0.0000000e+00 1.2302688e+00 0.0000000e+00 1.0000000e-02 2.3744421e+02 2.5046074e+02 9.4139230e-01 7.8529310e+01 1.4817495e+02 1.1836682e+01 2.9770860e-01
1.2113630e-09 0.0000000e+00 1.2589254e+00 0.0000000e+00 1.0000000e-02 2.2515732e+02 2.3833771e+02 9.0764756e-01 7.0873517e+01 1.4421670e+02 1.1986709e+01 3.2565752e-01
1.1389625e-09 0.0000000e+00 1.2882496e+00 0.0000000e+00 1.0000000e-02 2.1258423e+02 2.2593230e+02 8.7311681e-01 6.3039398e+01 1.4016625e+02 1.2140231e+01 3.5425746e-01
1.0776004e-09 0.0000000e+00 1.3182567e+00 0.0000000e+00 1.0000000e-02 2.0159300e+02 2.1506888e+02 8.4285085e-01 5.7112578e+01 1.3573381e+02 1.2251429e+01 3.8554507e-01
1.0153110e-09 0.0000000e+00 1.3489629e+00 0.0000000e+00 1.0000000e-02 1.9041974e+02 2.0402467e+02 8.1207995e-01 5.1130178e+01 1.3118678e+02 1.2363405e+01 4.1764125e-01
9.5750033e-10 0.0000000e+00 1.3803843e+00 0.0000000e+00 1.0000000e-02 1.7994651e+02 1.9366347e+02 7.8299026e-01 4.5854595e+01 1.2659499e+02 1.2457032e+01 4.5120048e-01
9.0531521e-10 0.0000000e+00 1.4125375e+00 0.0000000e+00 1.0000000e-02 1.7035849e+02 1.8416653e+02 7.5604262e-01 4.1451087e+01 1.2196815e+02 1.2528197e+01 4.8638264e-01
8.5191454e-10 0.0000000e+00 1.4454398e+00 0.0000000e+00 1.0000000e-02 1.6054713e+02 1.7444839e+02 7.2846729e-01 3.6945008e+01 1.1723354e+02 1.2601021e+01 5.2238431e-01
8.0842667e-10 0.0000000e+00 1.4791084e+00 0.0000000e+00 1.0000000e-02 1.5242388e+02 1.6638171e+02 7.0488600e-01 3.3719775e+01 1.1279917e+02 1.2635167e+01 5.6011065e-01
7.6436615e-10 0.0000000e+00 1.5135612e+00 0.0000000e+00 1.0000000e-02 1.4418706e+02 1.5820124e+02 6.8093842e-01 3.0474111e+01 1.0827770e+02 1.2668514e+01 5.9875073e-01
7.2384998e-10 0.0000000e+00 1.5488166e+00 0.0000000e+00 1.0000000e-02 1.3657438e+02 1.5063053e+02 6.5840177e-01 2.7644608e+01 1.0392171e+02 1.2686243e+01 6.3850819e-01
6.8776446e-10 0.0000000e+00 1.5848932e+00 0.0000000e+00 1.0000000e-02 1.2974390e+02 1.4382451e+02 6.3765511e-01 2.5327439e+01 9.9782662e+01 1.2685107e+01 6.7944728e-01
6.5083841e-10 0.0000000e+00 1.6218101e+00 0.0000000e+00 1.0000000e-02 1.2275431e+02 1.3685995e+02 6.1642519e-01 2.2956296e+01 9.5547205e+01 1.2683944e+01 7.2133996e-01
6.2100696e-10 0.0000000e+00 1.6595869e+00 0.0000000e+00 1.0000000e-02 1.1706206e+02 1.3116791e+02 5.9834298e-01 2.1270671e+01 9.1836972e+01 1.2655898e+01 7.6432490e-01
5.9079458e-10 0.0000000e+00 1.6982437e+00 0.0000000e+00 1.0000000e-02 1.1129485e+02 1.2539990e+02 5.7998332e-01 1.9575016e+01 8.8064938e+01 1.2626139e+01 8.0831569e-01
5.6300414e-10 0.0000000e+00 1.7378008e+00 0.0000000e+00 1.0000000e-02 1.0597860e+02 1.2007435e+02 5.6271365e-01 1.8091543e+01 8.4501392e+01 1.2586558e+01 8.5319342e-01
5.3824171e-10 0.0000000e+00 1.7782794e+00 0.0000000e+00 1.0000000e-02 1.0122672e+02 1.1530299e+02 5.4682623e-01 1.6869453e+01 8.1203305e+01 1.2535320e+01 8.9895452e-01
5.1290249e-10 0.0000000e+00 1.8197009e+00 0.0000000e+00 1.0000000e-02 9.6364157e+01 1.1042050e+02 5.3056876e-01 1.5618897e+01 7.7828396e+01 1.2482889e+01 9.4578153e-01
4.9224385e-10 0.0000000e+00 1.8620871e+00 0.0000000e+00 1.0000000e-02 9.2386755e+01 1.0640741e+02 5.1658855e-01 1.4707849e+01 7.4944099e+01 1.2413259e+01 9.9310487e-01
4.7131202e-10 0.0000000e+00 1.9054607e+00 0.0000000e+00 1.0000000e-02 8.8356111e+01 1.0233965e+02 5.0238753e-01 1.3790129e+01 7.2015083e+01 1.2341376e+01 1.0415070e+00
4.5193362e-10 0.0000000e+00 1.9498446e+00 0.0000000e+00 1.0000000e-02 8.4621897e+01 9.8561658e+01 4.8893852e-01 1.2975618e+01 6.9261194e+01 1.2261874e+01 1.0905542e+00
4.3450376e-10 0.0000000e+00 1.9952623e+00 0.0000000e+00 1.0000000e-02 8.1259658e+01 9.5147812e+01 4.7644946e-01 1.2288631e+01 6.6729306e+01 1.2173531e+01 1.1401766e+00
4.1666790e-10 0.0000000e+00 2.0417379e+00 0.0000000e+00 1.0000000e-02 7.7819102e+01 9.1654446e+01 4.6366949e-01 1.1585641e+01 6.4138444e+01 1.2083131e+01 1.1909548e+00
4.0189328e-10 0.0000000e+00 2.0892961e+00 0.0000000e+00 1.0000000e-02 7.4966868e+01 8.8743049e+01 4.5255979e-01 1.1053533e+01 6.1932281e+01 1.1985284e+01 1.2417777e+00
3.8691172e-10 0.0000000e+00 2.1379621e+00 0.0000000e+00 1.0000000e-02 7.2074577e+01 8.5790015e+01 4.4126897e-01 1.0516421e+01 5.9692295e+01 1.1884947e+01 1.2937395e+00
3.7293981e-10 0.0000000e+00 2.1877616e+00 0.0000000e+00 1.0000000e-02 6.9377504e+01 8.3030747e+01 4.3053743e-01 1.0031717e+01 5.7584529e+01 1.1782426e+01 1.3460764e+00
3.6023999e-10 0.0000000e+00 2.2387211e+00 0.0000000e+00 1.0000000e-02 6.6926371e+01 8.0515929e+01 4.2052279e-01 9.6120571e+00 5.5644491e+01 1.1677696e+01 1.3986503e+00
3.4724435e-10 0.0000000e+00 2.2908677e+00 0.0000000e+00 1.0000000e-02 6.4418144e+01 7.7942533e+01 4.1027488e-01 9.1826219e+00 5.3659263e+01 1.1570526e+01 1.4524488e+00
3.3640791e-10 0.0000000e+00 2.3442288e+00 0.0000000e+00 1.0000000e-02 6.2329628e+01 7.5789952e+01 4.0134560e-01 8.8443920e+00 5.1983154e+01 1.1463800e+01 1.5057718e+00
3.2541621e-10 0.0000000e+00 2.3988329e+00 0.0000000e+00 1.0000000e-02 6.0211336e+01 7.3606204e+01 3.9226980e-01 8.5022782e+00 5.0282028e+01 1.1354703e+01 1.5602686e+00
3.1507930e-10 0.0000000e+00 2.4547089e+00 0.0000000e+00 1.0000000e-02 5.8219372e+01 7.1548569e+01 3.8361475e-01 8.1882605e+00 4.8672914e+01 1.1244960e+01 1.6148337e+00
3.0557259e-10 0.0000000e+00 2.5118864e+00 0.0000000e+00 1.0000000e-02 5.6387571e+01 6.9651105e+01 3.7550144e-01 7.9093356e+00 4.7181103e+01 1.1134888e+01 1.6692576e+00
2.9584444e-10 0.0000000e+00 2.5703958e+00 0.0000000e+00 1.0000000e-02 5.4513102e+01 6.7709443e+01 3.6719915e-01 7.6239137e+00 4.5654544e+01 1.1022252e+01 1.7249491e+00
2.8747262e-10 0.0000000e+00 2.6302680e+00 0.0000000e+00 1.0000000e-02 5.2899808e+01 6.6032282e+01 3.5989250e-01 7.3903057e+00 4.4325613e+01 1.0912942e+01 1.7796651e+00
2.7896828e-10 0.0000000e+00 2.6915348e+00 0.0000000e+00 1.0000000e-02 5.1260967e+01 6.4328278e+01 3.5246259e-01 7.1535636e+00 4.2974931e+01 1.0801320e+01 1.8355659e+00
2.7089360e-10 0.0000000e+00 2.7542287e+00 0.0000000e+00 1.0000000e-02 4.9704795e+01 6.2707528e+01 3.4532951e-01 6.9332328e+00 4.1686716e+01 1.0690280e+01 1.8911660e+00
2.6336898e-10 0.0000000e+00 2.8183829e+00 0.0000000e+00 1.0000000e-02 4.8254468e+01 6.1193589e+01 3.3858280e-01 6.7335513e+00 4.0478944e+01 1.0580394e+01 1.9461765e+00
2.5566909e-10 0.0000000e+00 2.8840315e+00 0.0000000e+00 1.0000000e-02 4.6770359e+01 5.9644387e+01 3.3167894e-01 6.5292186e+00 3.9243039e+01 1.0467949e+01 2.0024685e+00
2.4888851e-10 0.0000000e+00 2.9512092e+00 0.0000000e+00 1.0000000e-02 4.5462370e+01 5.8275716e+01 3.2550545e-01 6.3570863e+00 3.8143602e+01 1.0361436e+01 2.0564011e+00
2.4199334e-10 0.0000000e+00 3.0199517e+00 0.0000000e+00 1.0000000e-02 4.4132230e+01 5.6883712e+01 3.1922332e-01 6.1824031e+00 3.7025077e+01 1.0252780e+01 2.1114452e+00
2.3540855e-10 0.0000000e+00 3.0902954e+00 0.0000000e+00 1.0000000e-02 4.2861442e+01 5.5552726e+01 3.1319832e-01 6.0181924e+00 3.5952941e+01 1.0146052e+01 2.1659203e+00
2.2922418e-10 0.0000000e+00 3.1622777e+00 0.0000000e+00 1.0000000e-02 4.1667277e+01 5.4300609e+01 3.0750740e-01 5.8672551e+00 3.4941014e+01 1.0042083e+01 2.2194874e+00
2.2289576e-10 0.0000000e+00 3.2359366e+00 0.0000000e+00 1.0000000e-02 4.0445296e+01 5.3019327e+01 3.0168391e-01 5.7128021e+00 3.3905516e+01 9.9356914e+00 2.2743023e+00
2.1729080e-10 0.0000000e+00 3.3113112e+00 0.0000000e+00 1.0000000e-02 3.9362158e+01 5.1881726e+01 2.9650043e-01 5.5801762e+00 3.2981955e+01 9.8365105e+00 2.3259265e+00
2.1158965e-10 0.0000000e+00 3.3884416e+00 0.0000000e+00 1.0000000e-02 3.8260392e+01 5.0724475e+01 2.9122682e-01 5.4454644e+00 3.2042252e+01 9.7354016e+00 2.3785769e+00
2.0611482e-10 0.0000000e+00 3.4673685e+00 0.0000000e+00 1.0000000e-02 3.7202154e+01 4.9612556e+01 2.8616031e-01 5.3177394e+00 3.1137434e+01 9.6369038e+00 2.4301231e+00
2.0093473e-10 0.0000000e+00 3.5481339e+00 0.0000000e+00 1.0000000e-02 3.6200625e+01 4.8559735e+01 2.8136374e-01 5.1989445e+00 3.0278298e+01 9.5419510e+00 2.4801297e+00
1.9563397e-10 0.0000000e+00 3.6307805e+00 0.0000000e+00 1.0000000e-02 3.5175766e+01 4.7482391e+01 2.7645545e-01 5.0773824e+00 2.9399151e+01 9.4447865e+00 2.5313011e+00
1.9090100e-10 0.0000000e+00 3.7153523e+00 0.0000000e+00 1.0000000e-02 3.4259775e+01 4.6517573e+01 2.7205200e-01 4.9712311e+00 2.8609944e+01 9.3548299e+00 2.5782887e+00
1.8608506e-10 0.0000000e+00 3.8018940e+00 0.0000000e+00 1.0000000e-02 3.3327686e+01 4.5535714e+01 2.6757041e-01 4.8633272e+00 2.7806711e+01 9.2631518e+00 2.6261586e+00
1.8145339e-10 0.0000000e+00 3.8904514e+00 0.0000000e+00 1.0000000e-02 3.2430962e+01 4.4590125e+01 2.6325033e-01 4.7604879e+00 2.7032610e+01 9.1738217e+00 2.6723754e+00
1.7706240e-10 0.0000000e+00 3.9810717e+00 0.0000000e+00 1.0000000e-02 3.1580464e+01 4.3692054e+01 2.5914229e-01 4.6641637e+00 2.6296734e+01 9.0876828e+00 2.7164139e+00
1.7256914e-10 0.0000000e+00 4.0738028e+00 0.0000000e+00 1.0000000e-02 3.0710157e+01 4.2773064e+01 2.5493856e-01 4.5655958e+00 2.5543717e+01 8.9995375e+00 2.7614781e+00
1.6856369e-10 0.0000000e+00 4.1686938e+00 0.0000000e+00 1.0000000e-02 2.9934538e+01 4.1951345e+01 2.5116049e-01 4.4787480e+00 2.4871103e+01 8.9186164e+00 2.8013360e+00
1.6448832e-10 0.0000000e+00 4.2657952e+00 0.0000000e+00 1.0000000e-02 2.9145390e+01 4.1115169e+01 2.4731508e-01 4.3904304e+00 2.4186687e+01 8.8361766e+00 2.8418754e+00
1.6056437e-10 0.0000000e+00 4.3651583e+00 0.0000000e+00 1.0000000e-02 2.8385553e+01 4.0308350e+01 2.4360388e-01 4.3058827e+00 2.3526949e+01 8.7558865e+00 2.8801406e+00
1.5683868e-10 0.0000000e+00 4.4668359e+00 0.0000000e+00 1.0000000e-02 2.7664097e+01 3.9540160e+01 2.4006937e-01 4.2262175e+00 2.2899605e+01 8.6785121e+00 2.9155126e+00
1.5302620e-10 0.0000000e+00 4.5708819e+00 0.0000000e+00 1.0000000e-02 2.6925836e+01 3.8754077e+01 2.3645252e-01 4.1446967e+00 2.2257649e+01 8.5993354e+00 2.9517085e+00
1.4959073e-10 0.0000000e+00 4.6773514e+00 0.0000000e+00 1.0000000e-02 2.6260279e+01 3.8041543e+01 2.3319217e-01 4.0721323e+00 2.1677536e+01 8.5266015e+00 2.9818479e+00
1.4609362e-10 0.0000000e+00 4.7863009e+00 0.0000000e+00 1.0000000e-02 2.5582768e+01 3.7316037e+01 2.2987327e-01 3.9983062e+00 2.1086942e+01 8.4525005e+00 3.0124170e+00
1.4269528e-10 0.0000000e+00 4.8977882e+00 0.0000000e+00 1.0000000e-02 2.4925204e+01 3.6608937e+01 2.2662966e-01 3.9266789e+00 2.0513511e+01 8.3794655e+00 3.0402677e+00
1.3942972e-10 0.0000000e+00 5.0118723e+00 0.0000000e+00 1.0000000e-02 2.4294336e+01 3.5926881e+01 2.2348992e-01 3.8579908e+00 1.9963080e+01 8.3080124e+00 3.0647334e+00
1.3608809e-10 0.0000000e+00 5.1286138e+00 0.0000000e+00 1.0000000e-02 2.3648773e+01 3.5228938e+01 2.2027704e-01 3.7877027e+00 1.9399828e+01 8.2348950e+00 3.0897689e+00
1.3311258e-10 0.0000000e+00 5.2480746e+00 0.0000000e+00 1.0000000e-02 2.3072856e+01 3.4600861e+01 2.1743281e-01 3.7262169e+00 1.8895764e+01 8.1680935e+00 3.1082630e+00
1.3008529e-10 0.0000000e+00 5.3703180e+00 0.0000000e+00 1.0000000e-02 2.2486866e+01 3.3961554e+01 2.1453983e-01 3.6637110e+00 1.8382813e+01 8.1000525e+00 3.1269067e+00
1.2716278e-10 0.0000000e+00 5.4954087e+00 0.0000000e+00 1.0000000e-02 2.1922100e+01 3.3341723e+01 2.1170932e-01 3.6034114e+00 1.7888404e+01 8.0334732e+00 3.1422266e+00
1.2437831e-10 0.0000000e+00 5.6234133e+00 0.0000000e+00 1.0000000e-02 2.1385188e+01 3.2747866e+01 2.0896556e-01 3.5460138e+00 1.7418330e+01 7.9689255e+00 3.1534843e+00
1.2152899e-10 0.0000000e+00 5.7543994e+00 0.0000000e+00 1.0000000e-02 2.0835769e+01 3.2140175e+01 2.0615789e-01 3.4872791e+00 1.6937308e+01 7.9028743e+00 3.1650043e+00
1.1897237e-10 0.0000000e+00 5.8884366e+00 0.0000000e+00 1.0000000e-02 2.0343234e+01 3.1588673e+01 2.0361425e-01 3.4343586e+00 1.6506151e+01 7.8418244e+00 3.1704853e+00
1.1637037e-10 0.0000000e+00 6.0255959e+00 0.0000000e+00 1.0000000e-02 1.9841977e+01 3.1027100e+01 2.0102437e-01 3.3804888e+00 1.6067362e+01 7.7796105e+00 3.1758451e+00
1.1386595e-10 0.0000000e+00 6.1659500e+00 0.0000000e+00 1.0000000e-02 1.9359917e+01 3.0483136e+01 1.9851952e-01 3.3287493e+00 1.5645225e+01 7.7185316e+00 3.1783746e+00
1.1148920e-10 0.0000000e+00 6.3095734e+00 0.0000000e+00 1.0000000e-02 1.8902930e+01 2.9962588e+01 1.9612723e-01 3.2797850e+00 1.5244853e+01 7.6590683e+00 3.1774882e+00
1.0905709e-10 0.0000000e+00 6.4565423e+00 0.0000000e+00 1.0000000e-02 1.8435298e+01 2.9429915e+01 1.9367923e-01 3.2296803e+00 1.4835156e+01 7.5982199e+00 3.1765811e+00
1.0687778e-10 0.0000000e+00 6.6069345e+00 0.0000000e+00 1.0000000e-02 1.8018063e+01 2.8944913e+01 1.9141337e-01 3.1839476e+00 1.4470568e+01 7.5400879e+00 3.1699493e+00
1.0465991e-10 0.0000000e+00 6.7608298e+00 0.0000000e+00 1.0000000e-02 1.7593528e+01 2.8450986e+01 1.8910417e-01 3.1373684e+00 1.4099643e+01 7.4807649e+00 3.1629379e+00
1.0253975e-10 0.0000000e+00 6.9183097e+00 0.0000000e+00 1.0000000e-02 1.7188495e+01 2.7975355e+01 1.8687299e-01 3.0927193e+00 1.3745915e+01 7.4226675e+00 3.1534056e+00
1.0054582e-10 0.0000000e+00 7.0794578e+00 0.0000000e+00 1.0000000e-02 1.6808589e+01 2.7523688e+01 1.8474484e-01 3.0505758e+00 1.3414325e+01 7.3662828e+00 3.1408791e+00
9.8505451e-11 0.0000000e+00 7.2443596e+00 0.0000000e+00 1.0000000e-02 1.6419834e+01 2.7061500e+01 1.8256712e-01 3.0074506e+00 1.3075011e+01 7.3085847e+00 3.1280608e+00
9.6696179e-11 0.0000000e+00 7.4131024e+00 0.0000000e+00 1.0000000e-02 1.6076796e+01 2.6644175e+01 1.8057143e-01 2.9685172e+00 1.2776540e+01 7.2541623e+00 3.1108696e+00
9.4855759e-11 0.0000000e+00 7.5857758e+00 0.0000000e+00 1.0000000e-02 1.5727928e+01 2.6219325e+01 1.7853845e-01 2.9288820e+00 1.2473041e+01 7.1986546e+00 3.0931172e+00
9.3098598e-11 0.0000000e+00 7.7624712e+00 0.0000000e+00 1.0000000e-02 1.5395931e+01 2.5810195e+01 1.7655933e-01 2.8906644e+00 1.2184717e+01 7.1438493e+00 3.0734398e+00
9.1448815e-11 0.0000000e+00 7.9432823e+00 0.0000000e+00 1.0000000e-02 1.5085593e+01 2.5421656e+01 1.7465311e-01 2.8543091e+00 1.1915836e+01 7.0901138e+00 3.0515267e+00
8.9760604e-11 0.0000000e+00 8.1283052e+00 0.0000000e+00 1.0000000e-02 1.4768026e+01 2.5024067e+01 1.7270249e-01 2.8171069e+00 1.1640691e+01 7.0351267e+00 3.0291032e+00
8.8263927e-11 0.0000000e+00 8.3176377e+00 0.0000000e+00 1.0000000e-02 1.4488579e+01 2.4664741e+01 1.7090792e-01 2.7833833e+00 1.1399582e+01 6.9829043e+00 3.0038494e+00
8.6741499e-11 0.0000000e+00 8.5113804e+00 0.0000000e+00 1.0000000e-02 1.4204419e+01 2.4298920e+01 1.6907951e-01 2.7490456e+00 1.1154452e+01 6.9296251e+00 2.9779163e+00
8.5211225e-11 0.0000000e+00 8.7096359e+00 0.0000000e+00 1.0000000e-02 1.3921667e+01 2.3926327e+01 1.6716204e-01 2.7134424e+00 1.0912040e+01 6.8701406e+00 2.9500858e+00
8.3677780e-11 0.0000000e+00 8.9125094e+00 0.0000000e+00 1.0000000e-02 1.3641767e+01 2.3547112e+01 1.6514528e-01 2.6764622e+00 1.0673890e+01 6.8034331e+00 2.9200863e+00
8.2108616e-11 0.0000000e+00 9.1201084e+00 0.0000000e+00 1.0000000e-02 1.3355348e+01 2.3159063e+01 1.6308154e-01 2.6386207e+00 1.0430192e+01 6.7351719e+00 2.8893880e+00
8.0845006e-11 0.0000000e+00 9.3325430e+00 0.0000000e+00 1.0000000e-02 1.3123757e+01 2.2840656e+01 1.6142717e-01 2.6085304e+00 1.0232607e+01 6.6818707e+00 2.8581038e+00
7.9565465e-11 0.0000000e+00 9.5499259e+00 0.0000000e+00 1.0000000e-02 1.2889199e+01 2.2517938e+01 1.5975232e-01 2.5780800e+00 1.0032463e+01 6.6279811e+00 2.8260960e+00
7.8339901e-11 0.0000000e+00 9.7723722e+00 0.0000000e+00 1.0000000e-02 1.2665392e+01 2.2206197e+01 1.5811769e-01 2.5486708e+00 9.8418682e+00 6.5748456e+00 2.7935011e+00
7.7184305e-11 0.0000000e+00 1.0000000e+01 0.0000000e+00 1.0000000e-02 1.2455438e+01 2.1908942e+01 1.5653815e-01 2.5206348e+00 9.6635428e+00 6.5228350e+00 2.7603335e+00
